1775.651	36.625
1775.648	36.79
1775.645	36.956
1775.643	37.125
1775.641	37.295
1775.64	37.467
1775.637	37.64
1775.634	37.813
1775.632	37.987
1775.63	38.162
1775.628	38.34
1775.627	38.519
1775.624	38.702
1775.621	38.885
1775.621	39.068
1775.621	39.249
1775.62	39.429
1775.619	39.609
1775.618	39.789
1775.617	39.968
1775.616	40.146
1775.615	40.324
1775.615	40.502
1775.614	40.679
1775.615	40.855
1775.616	41.031
1775.616	41.206
1775.617	41.38
1775.617	41.556
1775.617	41.733
1775.617	41.909
1775.617	42.083
1775.617	42.257
1775.617	42.432
1775.616	42.607
1775.615	42.782
1775.615	42.956
1775.614	43.13
1775.612	43.306
1775.609	43.484
1775.606	43.659
1775.602	43.833
1775.599	44.009
1775.596	44.185
1775.593	44.36
1775.59	44.534
1775.588	44.71
1775.585	44.884
1775.584	45.057
1775.583	45.232
1775.582	45.407
1775.58	45.582
1775.576	45.758
1775.573	45.933
1775.573	46.109
1775.573	46.285
1775.572	46.463
1775.571	46.643
1775.571	46.822
1775.568	47
1775.564	47.18
1775.561	47.36
1775.558	47.524
1775.556	47.706
1775.554	47.89
1775.551	48.075
1775.547	48.261
1775.543	48.445
1775.54	48.631
1775.538	48.818
1775.536	49.003
1775.536	49.188
1775.537	49.374
1775.535	49.561
1775.533	49.748
1775.531	49.936
1775.53	50.13
1775.528	50.324
1775.527	50.518
1775.527	50.713
1775.526	50.906
1775.524	51.098
1775.523	51.291
1775.523	51.485
1775.522	51.682
1775.517	51.877
1775.513	52.072
1775.511	52.267
1775.507	52.462
1775.504	52.656
1775.502	52.852
1775.499	53.047
1775.498	53.243
1775.496	53.438
1775.493	53.632
1775.491	53.828
1775.488	54.025
1775.484	54.221
1775.482	54.419
1775.481	54.618
1775.479	54.816
1775.476	55.014
1775.473	55.212
1775.47	55.41
1775.467	55.609
1775.464	55.807
1775.461	56.005
1775.458	56.203
1775.457	56.401
1775.456	56.6
1775.457	56.798
1775.457	56.996
1775.458	57.195
1775.459	57.394
1775.462	57.592
1775.463	57.795
1775.464	57.993
1775.464	58.193
1775.466	58.393
1775.467	58.59
1775.466	58.786
1775.465	58.984
1775.464	59.181
1775.463	59.379
1775.465	59.577
1775.465	59.774
1775.466	59.972
1775.467	60.172
1775.467	60.367
1775.466	60.561
1775.462	60.752
1775.46	60.944
1775.459	61.137
1775.457	61.329
1775.455	61.52
1775.453	61.711
1775.449	61.902
1775.448	62.092
1775.447	62.285
1775.445	62.476
1775.442	62.664
1775.439	62.852
1775.435	63.039
1775.435	63.224
1775.434	63.409
1775.434	63.594
1775.435	63.778
1775.435	63.962
1775.437	64.144
1775.437	64.33
1775.435	64.519
1775.433	64.706
1775.431	64.896
1775.43	65.087
1775.426	65.28
1775.421	65.473
1775.418	65.667
1775.416	65.862
1775.414	66.058
1775.412	66.254
1775.409	66.452
1775.405	66.65
1775.403	66.85
1775.4	67.049
1775.397	67.249
1775.393	67.45
1775.388	67.65
1775.384	67.85
1775.38	68.05
1775.374	68.248
1775.369	68.447
1775.365	68.646
1775.363	68.847
1775.364	69.05
1775.364	69.255
1775.361	69.459
1775.357	69.666
1775.353	69.873
1775.348	70.081
1775.345	70.292
1775.342	70.503
1775.336	70.714
1775.329	70.925
1775.324	71.137
1775.323	71.351
1775.322	71.563
1775.324	71.775
1775.325	71.99
1775.325	72.205
1775.324	72.419
1775.32	72.635
1775.318	72.85
1775.315	73.066
1775.311	73.282
1775.307	73.5
1775.304	73.717
1775.3	73.937
1775.296	74.156
1775.291	74.376
1775.288	74.597
1775.286	74.817
1775.283	75.038
1775.281	75.257
1775.278	75.476
1775.275	75.694
1775.269	75.911
1775.264	76.13
1775.26	76.348
1775.255	76.564
1775.25	76.779
1775.246	76.993
1775.241	77.206
1775.237	77.421
1775.232	77.636
1775.23	77.849
1775.227	78.063
1775.223	78.275
1775.219	78.488
1775.214	78.702
1775.211	78.916
1775.206	79.125
1775.202	79.336
1775.2	79.546
1775.197	79.756
1775.194	79.967
1775.192	80.176
1775.189	80.385
1775.187	80.593
1775.187	80.801
1775.185	81.009
1775.183	81.216
1775.181	81.423
1775.179	81.629
1775.177	81.836
1775.174	82.042
1775.171	82.246
1775.169	82.452
1775.168	82.656
1775.168	82.86
1775.167	83.064
1775.165	83.266
1775.163	83.467
1775.161	83.668
1775.159	83.868
1775.156	84.067
1775.154	84.268
1775.153	84.469
1775.15	84.668
1775.147	84.867
1775.145	85.066
1775.143	85.263
1775.141	85.461
1775.14	85.638
1775.138	85.835
1775.135	86.051
1775.133	86.227
1775.13	86.423
1775.128	86.618
1775.124	86.813
1775.121	87.007
1775.12	87.202
1775.117	87.395
1775.115	87.587
1775.114	87.78
1775.113	87.972
1775.113	88.164
1775.112	88.355
1775.109	88.544
1775.108	88.732
1775.107	88.92
1775.104	89.109
1775.102	89.295
1775.099	89.482
1775.099	89.669
1775.097	89.854
1775.095	90.04
1775.094	90.225
1775.093	90.409
1775.092	90.593
1775.09	90.775
1775.086	90.959
1775.083	91.143
1775.081	91.328
1775.079	91.511
1775.076	91.696
1775.073	91.881
1775.071	92.064
1775.07	92.247
1775.071	92.427
1775.071	92.607
1775.068	92.788
1775.061	92.968
1775.053	93.148
1775.044	93.326
1775.036	93.504
1775.025	93.683
1775.011	93.862
1774.998	94.04
1774.982	94.217
1774.964	94.395
1774.944	94.573
1774.924	94.749
1774.902	94.927
1774.879	95.103
1774.856	95.278
1774.831	95.449
1774.803	95.618
1774.77	95.788
1774.732	95.956
1774.692	96.122
1774.652	96.289
1774.611	96.456
1774.565	96.621
1774.517	96.785
1774.467	96.946
1774.412	97.106
1774.354	97.266
1774.296	97.423
1774.235	97.58
1774.172	97.736
1774.108	97.893
1774.041	98.048
1773.973	98.201
1773.904	98.351
1773.831	98.501
1773.754	98.65
1773.672	98.797
1773.59	98.943
1773.506	99.088
1773.421	99.234
1773.334	99.38
1773.245	99.527
1773.153	99.67
1773.059	99.812
1772.963	99.952
1772.865	100.088
1772.765	100.223
1772.662	100.357
1772.556	100.489
1772.449	100.62
1772.341	100.748
1772.232	100.876
1772.12	101.001
1772.006	101.122
1771.889	101.241
1771.773	101.358
1771.655	101.473
1771.534	101.585
1771.412	101.692
1771.289	101.797
1771.165	101.901
1771.041	102.004
1770.915	102.104
1770.786	102.201
1770.656	102.294
1770.525	102.386
1770.394	102.476
1770.26	102.563
1770.124	102.647
1769.988	102.729
1769.851	102.807
1769.712	102.881
1769.573	102.953
1769.431	103.021
1769.286	103.088
1769.142	103.152
1768.996	103.214
1768.849	103.273
1768.701	103.329
1768.55	103.382
1768.397	103.432
1768.244	103.481
1768.089	103.527
1767.931	103.57
1767.774	103.61
1767.614	103.648
1767.454	103.684
1767.292	103.718
1767.131	103.75
1766.969	103.781
1766.806	103.812
1766.642	103.84
1766.476	103.866
1766.312	103.889
1766.145	103.912
1765.978	103.935
1765.809	103.957
1765.641	103.978
1765.471	103.996
1765.3	104.013
1765.128	104.031
1764.955	104.049
1764.78	104.066
1764.604	104.083
1764.428	104.099
1764.25	104.117
1764.07	104.134
1763.89	104.15
1763.709	104.167
1763.527	104.182
1763.345	104.197
1763.16	104.21
1762.974	104.222
1762.787	104.233
1762.6	104.245
1762.413	104.254
1762.225	104.263
1762.036	104.272
1761.846	104.28
1761.654	104.286
1761.462	104.292
1761.269	104.297
1761.075	104.301
1760.88	104.305
1760.685	104.308
1760.487	104.31
1760.288	104.312
1760.09	104.313
1759.89	104.313
1759.69	104.313
1759.49	104.314
1759.289	104.313
1759.086	104.31
1758.883	104.306
1758.678	104.304
1758.472	104.301
1758.265	104.298
1758.056	104.294
1757.846	104.289
1757.637	104.285
1757.425	104.282
1757.212	104.278
1756.999	104.275
1756.785	104.271
1756.57	104.267
1756.354	104.261
1756.138	104.257
1755.922	104.254
1755.705	104.25
1755.49	104.247
1755.275	104.242
1755.061	104.238
1754.849	104.234
1754.637	104.231
1754.428	104.228
1754.242	104.224
1754.036	104.219
1753.831	104.212
1753.629	104.206
1753.427	104.202
1753.226	104.196
1753.028	104.19
1752.83	104.185
1752.635	104.179
1752.441	104.175
1752.249	104.169
1752.058	104.163
1751.869	104.158
1751.681	104.152
1751.495	104.146
1751.31	104.139
1751.125	104.133
1750.941	104.124
1750.758	104.115
1750.576	104.105
1750.395	104.096
1750.214	104.089
1750.033	104.081
1749.854	104.073
1749.674	104.065
1749.495	104.057
1749.316	104.05
1749.138	104.044
1748.96	104.036
1748.781	104.029
1748.601	104.022
1748.422	104.015
1748.243	104.007
1748.065	103.999
1747.886	103.991
1747.706	103.983
1747.527	103.975
1747.346	103.968
1747.164	103.959
1746.981	103.95
1746.797	103.942
1746.611	103.933
1746.426	103.924
1746.24	103.915
1746.053	103.904
1745.866	103.897
1745.678	103.89
1745.489	103.881
1745.301	103.873
1745.111	103.864
1744.921	103.855
1744.73	103.846
1744.538	103.838
1744.344	103.83
1744.15	103.824
1743.954	103.816
1743.758	103.807
1743.561	103.799
1743.363	103.791
1743.166	103.783
1742.967	103.775
1742.767	103.765
1742.567	103.755
1742.365	103.746
1742.161	103.737
1741.957	103.725
1741.752	103.715
1741.547	103.703
1741.343	103.691
1741.137	103.681
1740.932	103.67
1740.726	103.659
1740.518	103.647
1740.309	103.636
1740.099	103.625
1739.888	103.615
1739.676	103.604
1739.463	103.592
1739.25	103.581
1739.034	103.571
1738.819	103.56
1738.603	103.549
1738.385	103.539
1738.167	103.529
1737.948	103.518
1737.73	103.509
1737.51	103.5
1737.288	103.492
1737.065	103.481
1736.841	103.467
1736.614	103.456
1736.388	103.443
1736.159	103.43
1735.931	103.419
1735.702	103.405
1735.475	103.389
1735.246	103.378
1735.016	103.366
1734.785	103.355
1734.552	103.344
1734.318	103.333
1734.085	103.324
1733.85	103.312
1733.614	103.298
1733.379	103.283
1733.141	103.272
1732.903	103.261
1732.664	103.25
1732.422	103.239
1732.181	103.228
1731.938	103.216
1731.694	103.204
1731.449	103.192
1731.203	103.179
1730.958	103.166
1730.714	103.154
1730.47	103.141
1730.228	103.128
1729.986	103.115
1729.747	103.103
1729.509	103.092
1729.271	103.083
1729.036	103.077
1728.802	103.068
1728.57	103.058
1728.339	103.048
1728.133	103.039
1727.905	103.029
1727.678	103.018
1727.453	103.009
1727.226	103
1727.024	102.991
1726.8	102.981
1726.58	102.972
1726.364	102.963
1726.148	102.954
1725.955	102.945
1725.742	102.936
1725.531	102.926
1725.321	102.917
1725.114	102.909
1724.907	102.902
1724.722	102.896
1724.518	102.889
1724.315	102.881
1724.115	102.872
1723.914	102.865
1723.715	102.859
1723.519	102.853
1723.343	102.847
1723.148	102.839
1722.954	102.834
1722.763	102.827
1722.572	102.82
1722.382	102.811
1722.212	102.805
1722.025	102.8
1721.84	102.793
1721.657	102.785
1721.476	102.778
1721.295	102.771
1721.114	102.763
1720.952	102.756
1720.773	102.747
1720.596	102.74
1720.419	102.733
1720.243	102.724
1720.068	102.715
1719.892	102.707
1719.717	102.699
1719.541	102.691
1719.383	102.685
1719.208	102.68
1719.033	102.675
1718.859	102.671
1718.683	102.665
1718.508	102.66
1718.332	102.655
1718.156	102.651
1717.98	102.647
1717.822	102.643
1717.645	102.639
1717.469	102.636
1717.29	102.632
1717.111	102.629
1716.93	102.626
1716.747	102.621
1716.564	102.616
1716.378	102.612
1716.192	102.607
1716.025	102.602
1715.839	102.597
1715.653	102.593
1715.465	102.587
1715.278	102.582
1715.089	102.576
1714.9	102.57
1714.71	102.565
1714.518	102.56
1714.326	102.556
1714.132	102.549
1713.938	102.542
1713.762	102.536
1713.566	102.531
1713.368	102.525
1713.171	102.519
1712.973	102.513
1712.774	102.508
1712.575	102.501
1712.374	102.493
1712.174	102.487
1711.974	102.481
1711.774	102.476
1711.573	102.473
1711.373	102.472
1711.171	102.472
1710.99	102.471
1710.786	102.468
1710.584	102.465
1710.381	102.462
1710.177	102.459
1709.973	102.454
1709.766	102.451
1709.558	102.448
1709.349	102.445
1709.14	102.44
1708.93	102.435
1708.72	102.431
1708.51	102.426
1708.299	102.423
1708.088	102.419
1707.877	102.414
1707.685	102.411
1707.474	102.408
1707.263	102.406
1707.051	102.404
1706.836	102.403
1706.618	102.401
1706.401	102.399
1706.183	102.397
1705.964	102.396
1705.743	102.392
1705.522	102.387
1705.301	102.379
1705.081	102.375
1704.861	102.37
1704.64	102.364
1704.418	102.359
1704.196	102.356
1703.975	102.353
1703.754	102.349
1703.531	102.346
1703.31	102.341
1703.111	102.337
1702.888	102.332
1702.664	102.326
1702.441	102.32
1702.217	102.314
1701.992	102.308
1701.765	102.301
1701.539	102.295
1701.311	102.288
1701.083	102.278
1700.854	102.27
1700.624	102.264
1700.395	102.257
1700.165	102.251
1699.936	102.242
1699.707	102.232
1699.479	102.225
1699.25	102.219
1699.022	102.21
1698.794	102.201
1698.566	102.193
1698.338	102.185
1698.11	102.179
1697.882	102.173
1697.657	102.162
1697.431	102.153
1697.205	102.146
1696.98	102.137
1696.778	102.13
1696.553	102.122
1696.329	102.113
1696.105	102.103
1695.881	102.095
1695.657	102.086
1695.435	102.075
1695.212	102.066
1694.989	102.057
1694.767	102.047
1694.544	102.038
1694.323	102.026
1694.102	102.014
1693.881	102.005
1693.66	101.998
1693.439	101.99
1693.219	101.981
1692.999	101.973
1692.78	101.965
1692.561	101.957
1692.342	101.95
1692.124	101.941
1691.907	101.933
1691.69	101.924
1691.474	101.915
1691.257	101.907
1691.04	101.899
1690.826	101.89
1690.61	101.883
1690.396	101.875
1690.182	101.867
1689.968	101.858
1689.755	101.85
1689.542	101.841
1689.33	101.834
1689.117	101.827
1688.906	101.818
1688.695	101.81
1688.485	101.803
1688.296	101.797
1688.087	101.791
1687.879	101.785
1687.671	101.778
1687.464	101.769
1687.258	101.761
1687.051	101.753
1686.844	101.745
1686.638	101.738
1686.432	101.731
1686.227	101.723
1686.022	101.716
1685.817	101.71
1685.612	101.704
1685.408	101.697
1685.205	101.691
1685.002	101.685
1684.799	101.679
1684.598	101.673
1684.396	101.666
1684.195	101.66
1683.996	101.655
1683.797	101.65
1683.599	101.645
1683.4	101.639
1683.2	101.633
1683.001	101.626
1682.801	101.62
1682.601	101.615
1682.402	101.609
1682.203	101.603
1682.004	101.597
1681.805	101.592
1681.607	101.586
1681.408	101.581
1681.211	101.576
1681.013	101.571
1680.816	101.565
1680.618	101.558
1680.42	101.552
1680.221	101.546
1680.023	101.541
1679.826	101.535
1679.628	101.53
1679.431	101.525
1679.233	101.52
1679.033	101.515
1678.834	101.511
1678.636	101.507
1678.437	101.504
1678.239	101.5
1678.041	101.496
1677.844	101.491
1677.647	101.487
1677.45	101.483
1677.251	101.48
1677.054	101.475
1676.858	101.47
1676.663	101.464
1676.468	101.459
1676.273	101.453
1676.077	101.446
1675.883	101.438
1675.688	101.432
1675.511	101.428
1675.313	101.422
1675.115	101.416
1674.915	101.41
1674.715	101.403
1674.513	101.396
1674.312	101.389
1674.109	101.382
1673.906	101.374
1673.703	101.367
1673.499	101.359
1673.293	101.352
1673.085	101.343
1672.876	101.333
1672.667	101.324
1672.457	101.314
1672.246	101.304
1672.034	101.295
1671.823	101.286
1671.61	101.274
1671.396	101.264
1671.183	101.254
1670.969	101.245
1670.754	101.235
1670.538	101.225
1670.321	101.216
1670.102	101.207
1669.883	101.198
1669.665	101.188
1669.445	101.179
1669.224	101.17
1669.002	101.162
1668.779	101.153
1668.554	101.144
1668.329	101.135
1668.104	101.126
1667.878	101.118
1667.652	101.11
1667.426	101.1
1667.202	101.091
1666.979	101.081
1666.757	101.072
1666.536	101.062
1666.316	101.052
1666.097	101.041
1665.877	101.031
1665.658	101.021
1665.439	101.013
1665.222	101.006
1665.006	101.001
1664.791	100.994
1664.577	100.988
1664.363	100.982
1664.151	100.974
1663.939	100.967
1663.729	100.961
1663.522	100.956
1663.319	100.953
1663.118	100.948
1662.917	100.941
1662.716	100.933
1662.515	100.927
1662.317	100.921
1662.121	100.915
1661.926	100.907
1661.733	100.899
1661.542	100.891
1661.354	100.883
1661.166	100.875
1660.98	100.87
1660.797	100.867
1660.615	100.864
1660.436	100.859
1660.258	100.851
1660.082	100.844
1659.908	100.838
1659.735	100.83
1659.564	100.823
1659.394	100.815
1659.226	100.806
1659.06	100.799
1658.895	100.791
1658.73	100.782
1658.565	100.772
1658.401	100.764
1658.238	100.757
1658.073	100.751
1657.908	100.746
1657.741	100.741
1657.574	100.735
1657.407	100.729
1657.241	100.725
1657.075	100.72
1656.908	100.714
1656.74	100.707
1656.572	100.7
1656.404	100.693
1656.236	100.686
1656.065	100.68
1655.894	100.674
1655.724	100.669
1655.552	100.663
1655.38	100.658
1655.206	100.654
1655.036	100.65
1654.881	100.646
1654.726	100.642
1654.563	100.637
1654.389	100.63
1654.215	100.622
1654.047	100.616
1653.881	100.611
1653.711	100.605
1653.54	100.597
1653.368	100.586
1653.196	100.576
1653.025	100.565
1652.855	100.555
1652.683	100.544
1652.53	100.532
1652.363	100.517
1652.199	100.505
1652.038	100.494
1651.881	100.484
1651.724	100.465
1651.563	100.44
1651.396	100.415
1651.227	100.393
1651.06	100.375
1650.894	100.359
1650.729	100.337
1650.564	100.313
1650.401	100.29
1650.237	100.267
1650.072	100.243
1649.908	100.216
1649.745	100.187
1649.583	100.158
1649.42	100.126
1649.257	100.092
1649.094	100.055
1648.933	100.015
1648.772	99.972
1648.611	99.928
1648.453	99.882
1648.296	99.832
1648.14	99.778
1647.988	99.722
1647.838	99.663
1647.689	99.604
1647.543	99.544
1647.4	99.48
1647.259	99.413
1647.12	99.342
1646.981	99.268
1646.845	99.193
1646.709	99.114
1646.576	99.03
1646.445	98.944
1646.313	98.854
1646.183	98.762
1646.054	98.668
1645.928	98.57
1645.806	98.468
1645.685	98.362
1645.566	98.256
1645.449	98.149
1645.334	98.038
1645.222	97.924
1645.111	97.808
1645.004	97.688
1644.898	97.568
1644.796	97.445
1644.699	97.317
1644.604	97.186
1644.512	97.054
1644.421	96.923
1644.334	96.792
1644.251	96.658
1644.171	96.523
1644.093	96.387
1644.019	96.25
1643.948	96.111
1643.879	95.967
1643.812	95.822
1643.75	95.678
1643.692	95.533
1643.636	95.388
1643.584	95.241
1643.536	95.093
1643.494	94.945
1643.457	94.797
1643.423	94.647
1643.392	94.496
1643.364	94.347
1643.338	94.194
1643.315	94.039
1643.294	93.884
1643.276	93.725
1643.26	93.565
1643.249	93.404
1643.238	93.242
1643.229	93.078
1643.218	92.913
1643.21	92.749
1643.205	92.584
1643.201	92.419
1643.2	92.253
1643.198	92.086
1643.194	91.915
1643.192	91.746
1643.19	91.577
1643.192	91.41
1643.189	91.243
1643.185	91.076
1643.18	90.91
1643.177	90.742
1643.175	90.576
1643.17	90.411
1643.168	90.244
1643.169	90.076
1643.169	89.909
1643.17	89.741
1643.17	89.573
1643.169	89.407
1643.168	89.241
1643.167	89.078
1643.164	88.911
1643.163	88.742
1643.162	88.573
1643.158	88.404
1643.158	88.236
1643.158	88.068
1643.157	87.896
1643.157	87.726
1643.158	87.556
1643.159	87.385
1643.162	87.214
1643.163	87.043
1643.165	86.869
1643.167	86.695
1643.169	86.523
1643.172	86.352
1643.177	86.18
1643.181	86.007
1643.185	85.833
1643.19	85.66
1643.195	85.486
1643.201	85.313
1643.206	85.141
1643.21	84.971
1643.215	84.799
1643.22	84.627
1643.224	84.453
1643.229	84.278
1643.233	84.107
1643.238	83.938
1643.242	83.767
1643.245	83.596
1643.247	83.424
1643.251	83.248
1643.256	83.076
1643.261	82.903
1643.265	82.728
1643.269	82.554
1643.272	82.38
1643.276	82.204
1643.28	82.029
1643.284	81.852
1643.29	81.676
1643.295	81.502
1643.299	81.328
1643.302	81.153
1643.307	80.979
1643.312	80.806
1643.318	80.634
1643.323	80.462
1643.328	80.288
1643.335	80.114
1643.341	79.939
1643.347	79.763
1643.353	79.585
1643.358	79.405
1643.363	79.224
1643.369	79.042
1643.373	78.861
1643.377	78.68
1643.382	78.495
1643.386	78.31
1643.392	78.125
1643.398	77.938
1643.403	77.752
1643.407	77.567
1643.412	77.399
1643.42	77.194
1643.428	77.026
1643.436	76.84
1643.443	76.656
1643.449	76.473
1643.456	76.288
1643.463	76.103
1643.468	75.919
1643.471	75.734
1643.478	75.547
1643.486	75.359
1643.493	75.17
1643.498	74.98
1643.501	74.792
1643.504	74.607
1643.509	74.422
1643.516	74.237
1643.522	74.053
1643.527	73.869
1643.532	73.685
1643.537	73.503
1643.541	73.322
1643.544	73.14
1643.549	72.956
1643.557	72.773
1643.565	72.588
1643.571	72.399
1643.578	72.212
1643.587	72.022
1643.594	71.828
1643.604	71.637
1643.612	71.445
1643.621	71.254
1643.629	71.063
1643.637	70.87
1643.645	70.678
1643.653	70.484
1643.661	70.29
1643.668	70.097
1643.676	69.906
1643.683	69.711
1643.691	69.514
1643.698	69.317
1643.704	69.119
1643.71	68.921
1643.716	68.726
1643.724	68.531
1643.731	68.333
1643.737	68.134
1643.743	67.936
1643.75	67.737
1643.757	67.537
1643.765	67.335
1643.773	67.133
1643.781	66.929
1643.789	66.724
1643.796	66.518
1643.803	66.311
1643.809	66.105
1643.818	65.897
1643.825	65.689
1643.834	65.479
1643.843	65.269
1643.852	65.058
1643.862	64.847
1643.874	64.635
1643.885	64.422
1643.895	64.208
1643.906	63.992
1643.919	63.774
1643.93	63.554
1643.942	63.337
1643.954	63.118
1643.966	62.898
1643.977	62.677
1643.987	62.456
1643.998	62.234
1644.01	62.009
1644.021	61.78
1644.033	61.551
1644.044	61.323
1644.056	61.096
1644.068	60.869
1644.079	60.643
1644.092	60.416
1644.103	60.191
1644.114	59.967
1644.122	59.747
1644.129	59.528
1644.137	59.307
1644.148	59.088
1644.158	58.87
1644.168	58.652
1644.176	58.436
1644.186	58.22
1644.196	58.005
1644.204	57.793
1644.213	57.581
1644.219	57.372
1644.227	57.161
1644.234	56.951
1644.241	56.741
1644.248	56.533
1644.258	56.327
1644.265	56.12
1644.27	55.913
1644.274	55.71
1644.279	55.506
1644.284	55.304
1644.289	55.102
1644.296	54.902
1644.301	54.701
1644.308	54.498
1644.316	54.296
1644.323	54.094
1644.332	53.891
1644.34	53.689
1644.348	53.488
1644.355	53.286
1644.363	53.081
1644.37	52.874
1644.379	52.67
1644.388	52.464
1644.399	52.261
1644.409	52.059
1644.42	51.857
1644.432	51.656
1644.443	51.454
1644.453	51.25
1644.465	51.043
1644.475	50.837
1644.484	50.631
1644.492	50.425
1644.5	50.22
1644.507	50.013
1644.512	49.805
1644.519	49.599
1644.527	49.392
1644.535	49.183
1644.543	48.976
1644.551	48.77
1644.558	48.563
1644.564	48.356
1644.572	48.147
1644.579	47.94
1644.585	47.734
1644.593	47.529
1644.6	47.323
1644.609	47.118
1644.617	46.913
1644.624	46.709
1644.63	46.505
1644.637	46.302
1644.641	46.101
1644.647	45.9
1644.651	45.7
1644.655	45.502
1644.661	45.303
1644.667	45.105
1644.674	44.908
1644.681	44.709
1644.689	44.51
1644.695	44.312
1644.7	44.115
1644.706	43.918
1644.712	43.722
1644.719	43.525
1644.727	43.33
1644.731	43.134
1644.736	42.938
1644.741	42.742
1644.744	42.543
1644.747	42.345
1644.751	42.146
1644.755	41.947
1644.759	41.749
1644.763	41.55
1644.767	41.352
1644.773	41.154
1644.778	40.957
1644.783	40.758
1644.788	40.559
1644.794	40.359
1644.797	40.163
1644.801	39.965
1644.806	39.767
1644.809	39.568
1644.814	39.369
1644.821	39.169
1644.828	38.968
1644.834	38.767
1644.839	38.582
1644.848	38.359
1644.854	38.176
1644.86	37.973
1644.866	37.77
1644.874	37.563
1644.881	37.358
1644.888	37.152
1644.893	36.943
1644.898	36.736
1644.906	36.528
1644.914	36.319
1644.921	36.114
1644.926	35.911
1644.931	35.708
1644.934	35.506
1644.937	35.304
1644.94	35.102
1644.945	34.899
1644.952	34.696
1644.958	34.493
1644.962	34.29
1644.966	34.085
1644.968	33.881
1644.971	33.677
1644.973	33.472
1644.974	33.268
1644.977	33.063
1644.981	32.858
1644.986	32.65
1644.992	32.441
1644.997	32.231
1645.004	32.019
1645.008	31.81
1645.014	31.6
1645.02	31.39
1645.026	31.182
1645.03	30.973
1645.036	30.763
1645.042	30.556
1645.047	30.349
1645.054	30.142
1645.062	29.935
1645.071	29.727
1645.08	29.519
1645.084	29.31
1645.089	29.101
1645.095	28.89
1645.101	28.682
1645.107	28.473
1645.111	28.268
1645.116	28.061
1645.119	27.855
1645.124	27.649
1645.128	27.444
1645.135	27.239
1645.139	27.033
1645.143	26.828
1645.148	26.623
1645.154	26.419
1645.162	26.216
1645.169	26.012
1645.176	25.807
1645.183	25.604
1645.191	25.402
1645.199	25.202
1645.208	25.003
1645.218	24.805
1645.228	24.605
1645.236	24.406
1645.243	24.208
1645.251	24.011
1645.257	23.812
1645.263	23.613
1645.27	23.416
1645.277	23.218
1645.284	23.022
1645.29	22.825
1645.298	22.627
1645.306	22.428
1645.314	22.234
1645.32	22.038
1645.326	21.843
1645.331	21.65
1645.338	21.454
1645.345	21.259
1645.351	21.065
1645.357	20.87
1645.364	20.672
1645.372	20.473
1645.379	20.272
1645.385	20.069
1645.392	19.865
1645.398	19.659
1645.404	19.451
1645.409	19.245
1645.412	19.04
1645.416	18.835
1645.418	18.634
1645.424	18.434
1645.43	18.233
1645.436	18.033
1645.441	17.833
1645.446	17.635
1645.452	17.435
1645.459	17.237
1645.464	17.039
1645.469	16.841
1645.474	16.644
1645.48	16.446
1645.485	16.245
1645.491	16.045
1645.502	15.843
1645.512	15.642
1645.518	15.447
1645.523	15.253
1645.528	15.059
1645.533	14.869
1645.539	14.681
1645.542	14.495
1645.545	14.312
1645.548	14.128
1645.553	13.944
1645.555	13.762
1645.557	13.58
1645.558	13.401
1645.559	13.224
1645.561	13.044
1645.564	12.866
1645.567	12.688
1645.568	12.512
1645.569	12.337
1645.57	12.164
1645.574	11.992
1645.578	11.822
1645.584	11.65
1645.591	11.478
1645.598	11.308
1645.608	11.136
1645.618	10.963
1645.631	10.789
1645.643	10.614
1645.657	10.44
1645.672	10.267
1645.688	10.095
1645.707	9.921
1645.73	9.749
1645.753	9.576
1645.779	9.404
1645.806	9.237
1645.835	9.066
1645.865	8.899
1645.904	8.734
1645.938	8.571
1645.965	8.409
1646.002	8.247
1646.05	8.084
1646.104	7.925
1646.158	7.769
1646.201	7.61
1646.245	7.447
1646.299	7.287
1646.358	7.128
1646.42	6.969
1646.484	6.81
1646.549	6.651
1646.62	6.492
1646.702	6.338
1646.782	6.185
1646.855	6.034
1646.935	5.885
1647.021	5.739
1647.11	5.595
1647.203	5.456
1647.295	5.316
1647.39	5.179
1647.489	5.046
1647.59	4.917
1647.693	4.794
1647.796	4.678
1647.901	4.562
1648.007	4.446
1648.116	4.33
1648.225	4.216
1648.339	4.104
1648.454	3.996
1648.574	3.892
1648.698	3.792
1648.823	3.695
1648.951	3.601
1649.081	3.512
1649.212	3.424
1649.343	3.339
1649.475	3.255
1649.595	3.182
1649.728	3.103
1649.864	3.028
1650.003	2.954
1650.144	2.884
1650.286	2.818
1650.43	2.755
1650.574	2.694
1650.721	2.637
1650.866	2.584
1651.01	2.536
1651.156	2.49
1651.304	2.447
1651.45	2.406
1651.599	2.368
1651.747	2.334
1651.894	2.305
1652.047	2.276
1652.201	2.25
1652.354	2.226
1652.51	2.205
1652.667	2.187
1652.824	2.171
1652.983	2.155
1653.143	2.139
1653.302	2.123
1653.462	2.111
1653.622	2.099
1653.782	2.088
1653.943	2.082
1654.104	2.075
1654.264	2.07
1654.427	2.063
1654.593	2.055
1654.76	2.045
1654.928	2.033
1655.097	2.026
1655.267	2.018
1655.437	2.012
1655.607	2.004
1655.779	1.991
1655.951	1.979
1656.124	1.968
1656.299	1.955
1656.472	1.944
1656.645	1.932
1656.819	1.92
1656.991	1.91
1657.165	1.9
1657.338	1.89
1657.511	1.878
1657.685	1.869
1657.859	1.861
1658.036	1.855
1658.212	1.848
1658.389	1.842
1658.565	1.835
1658.742	1.828
1658.92	1.821
1659.097	1.816
1659.272	1.81
1659.447	1.806
1659.622	1.803
1659.798	1.799
1659.974	1.796
1660.15	1.792
1660.328	1.789
1660.506	1.786
1660.685	1.784
1660.865	1.784
1661.046	1.783
1661.228	1.781
1661.411	1.779
1661.593	1.777
1661.777	1.776
1661.961	1.776
1662.147	1.776
1662.334	1.776
1662.52	1.777
1662.708	1.776
1662.896	1.777
1663.086	1.779
1663.277	1.781
1663.469	1.784
1663.661	1.784
1663.855	1.786
1664.048	1.789
1664.242	1.792
1664.437	1.794
1664.632	1.797
1664.827	1.8
1665.022	1.804
1665.218	1.807
1665.412	1.807
1665.607	1.81
1665.803	1.814
1665.999	1.818
1666.195	1.821
1666.391	1.824
1666.59	1.829
1666.788	1.835
1666.989	1.841
1667.191	1.846
1667.394	1.852
1667.597	1.858
1667.8	1.864
1668.005	1.869
1668.21	1.874
1668.415	1.879
1668.621	1.884
1668.827	1.891
1669.033	1.897
1669.241	1.903
1669.449	1.911
1669.656	1.921
1669.864	1.933
1670.072	1.943
1670.28	1.952
1670.488	1.961
1670.696	1.969
1670.902	1.978
1671.107	1.988
1671.312	1.997
1671.515	2.005
1671.718	2.015
1671.922	2.025
1672.126	2.035
1672.33	2.045
1672.533	2.054
1672.737	2.063
1672.94	2.073
1673.142	2.08
1673.344	2.088
1673.546	2.097
1673.746	2.106
1673.947	2.115
1674.146	2.125
1674.345	2.136
1674.544	2.146
1674.741	2.156
1674.939	2.164
1675.137	2.173
1675.336	2.182
1675.533	2.19
1675.73	2.198
1675.926	2.207
1676.122	2.215
1676.316	2.224
1676.511	2.233
1676.704	2.242
1676.897	2.25
1677.088	2.257
1677.278	2.266
1677.469	2.275
1677.659	2.284
1677.849	2.292
1678.039	2.3
1678.228	2.309
1678.417	2.318
1678.604	2.327
1678.791	2.336
1678.977	2.344
1679.162	2.354
1679.347	2.362
1679.53	2.37
1679.713	2.377
1679.894	2.384
1680.074	2.392
1680.254	2.4
1680.432	2.408
1680.611	2.415
1680.788	2.421
1680.965	2.428
1681.142	2.434
1681.318	2.442
1681.494	2.449
1681.67	2.457
1681.847	2.465
1682.025	2.473
1682.203	2.479
1682.38	2.486
1682.557	2.494
1682.734	2.502
1682.91	2.509
1683.086	2.517
1683.263	2.524
1683.439	2.531
1683.615	2.538
1683.792	2.546
1683.951	2.552
1684.144	2.558
1684.302	2.564
1684.496	2.571
1684.654	2.577
1684.831	2.582
1685.008	2.589
1685.185	2.595
1685.363	2.6
1685.542	2.605
1685.721	2.61
1685.9	2.615
1686.079	2.621
1686.258	2.627
1686.436	2.635
1686.614	2.641
1686.792	2.647
1686.968	2.654
1687.143	2.661
1687.316	2.668
1687.491	2.676
1687.667	2.683
1687.842	2.69
1688.017	2.696
1688.193	2.701
1688.37	2.707
1688.548	2.713
1688.725	2.72
1688.903	2.727
1689.081	2.733
1689.257	2.741
1689.432	2.748
1689.607	2.754
1689.781	2.76
1689.957	2.765
1690.134	2.77
1690.31	2.776
1690.486	2.783
1690.663	2.789
1690.84	2.796
1691.017	2.803
1691.193	2.811
1691.37	2.818
1691.547	2.825
1691.724	2.833
1691.9	2.842
1692.078	2.853
1692.255	2.864
1692.432	2.873
1692.608	2.883
1692.784	2.893
1692.961	2.902
1693.138	2.911
1693.317	2.92
1693.497	2.929
1693.676	2.938
1693.854	2.946
1694.032	2.954
1694.211	2.962
1694.389	2.97
1694.567	2.98
1694.745	2.99
1694.924	3.001
1695.102	3.011
1695.28	3.021
1695.458	3.034
1695.635	3.044
1695.812	3.054
1695.989	3.064
1696.164	3.073
1696.341	3.081
1696.517	3.088
1696.694	3.096
1696.871	3.104
1697.045	3.112
1697.22	3.119
1697.395	3.126
1697.569	3.133
1697.744	3.139
1697.918	3.145
1698.092	3.151
1698.266	3.159
1698.441	3.166
1698.615	3.173
1698.79	3.18
1698.964	3.186
1699.139	3.192
1699.313	3.199
1699.488	3.205
1699.662	3.211
1699.836	3.217
1700.012	3.224
1700.187	3.231
1700.362	3.239
1700.537	3.246
1700.711	3.254
1700.886	3.261
1701.061	3.269
1701.237	3.276
1701.415	3.283
1701.593	3.292
1701.772	3.301
1701.95	3.307
1702.128	3.313
1702.307	3.319
1702.485	3.326
1702.664	3.333
1702.844	3.34
1703.022	3.347
1703.199	3.353
1703.377	3.357
1703.554	3.363
1703.731	3.369
1703.907	3.372
1704.083	3.377
1704.259	3.382
1704.437	3.387
1704.615	3.392
1704.792	3.398
1704.97	3.404
1705.148	3.411
1705.326	3.418
1705.504	3.424
1705.681	3.43
1705.857	3.437
1706.033	3.444
1706.21	3.452
1706.386	3.458
1706.562	3.465
1706.74	3.474
1706.917	3.483
1707.095	3.491
1707.272	3.499
1707.449	3.507
1707.625	3.516
1707.802	3.524
1707.979	3.532
1708.155	3.54
1708.332	3.549
1708.509	3.557
1708.686	3.564
1708.863	3.571
1709.041	3.577
1709.217	3.586
1709.394	3.595
1709.571	3.603
1709.748	3.609
1709.924	3.615
1710.101	3.622
1710.277	3.628
1710.455	3.635
1710.633	3.642
1710.811	3.647
1710.988	3.654
1711.165	3.66
1711.341	3.665
1711.517	3.672
1711.693	3.679
1711.869	3.687
1712.045	3.694
1712.221	3.7
1712.398	3.706
1712.574	3.713
1712.75	3.719
1712.924	3.724
1713.097	3.73
1713.273	3.736
1713.449	3.741
1713.625	3.747
1713.8	3.753
1713.975	3.757
1714.147	3.761
1714.322	3.766
1714.496	3.772
1714.67	3.78
1714.844	3.789
1715.016	3.799
1715.19	3.808
1715.364	3.817
1715.536	3.826
1715.706	3.835
1715.875	3.842
1716.04	3.849
1716.209	3.855
1716.377	3.86
1716.549	3.864
1716.722	3.87
1716.9	3.877
1717.075	3.889
1717.248	3.901
1717.421	3.911
1717.594	3.921
1717.767	3.929
1717.94	3.937
1718.096	3.944
1718.269	3.953
1718.447	3.961
1718.628	3.968
1718.809	3.976
1718.988	3.984
1719.166	3.993
1719.345	4.001
1719.521	4.006
1719.695	4.009
1719.87	4.012
1720.05	4.019
1720.233	4.026
1720.42	4.031
1720.604	4.04
1720.788	4.047
1720.972	4.053
1721.152	4.059
1721.332	4.065
1721.514	4.071
1721.689	4.074
1721.862	4.076
1722.03	4.078
1722.198	4.084
1722.366	4.095
1722.536	4.106
1722.706	4.112
1722.875	4.117
1723.043	4.123
1723.223	4.127
1723.4	4.136
1723.575	4.143
1723.751	4.15
1723.927	4.155
1724.102	4.161
1724.277	4.168
1724.452	4.174
1724.627	4.18
1724.802	4.187
1724.977	4.193
1725.152	4.199
1725.33	4.206
1725.513	4.215
1725.697	4.225
1725.878	4.233
1726.058	4.241
1726.241	4.25
1726.424	4.26
1726.607	4.268
1726.785	4.279
1726.965	4.29
1727.145	4.302
1727.328	4.316
1727.509	4.328
1727.687	4.341
1727.864	4.356
1728.037	4.369
1728.211	4.382
1728.387	4.395
1728.562	4.406
1728.737	4.416
1728.913	4.424
1729.09	4.43
1729.266	4.435
1729.44	4.442
1729.613	4.449
1729.788	4.456
1729.967	4.46
1730.144	4.465
1730.321	4.47
1730.499	4.474
1730.676	4.479
1730.854	4.484
1731.033	4.489
1731.211	4.494
1731.388	4.501
1731.569	4.508
1731.748	4.514
1731.927	4.521
1732.104	4.528
1732.281	4.535
1732.456	4.542
1732.63	4.547
1732.804	4.555
1732.977	4.563
1733.15	4.572
1733.324	4.58
1733.498	4.587
1733.672	4.593
1733.847	4.598
1734.021	4.604
1734.197	4.609
1734.373	4.615
1734.55	4.62
1734.729	4.624
1734.907	4.629
1735.088	4.635
1735.268	4.64
1735.447	4.646
1735.627	4.651
1735.809	4.658
1735.992	4.664
1736.176	4.67
1736.361	4.674
1736.547	4.679
1736.734	4.684
1736.922	4.69
1737.111	4.696
1737.301	4.702
1737.49	4.708
1737.679	4.715
1737.868	4.722
1738.059	4.729
1738.25	4.737
1738.441	4.746
1738.632	4.754
1738.825	4.76
1739.02	4.765
1739.216	4.769
1739.413	4.774
1739.61	4.78
1739.81	4.786
1740.01	4.792
1740.21	4.799
1740.412	4.807
1740.612	4.816
1740.815	4.823
1741.018	4.83
1741.22	4.837
1741.423	4.844
1741.626	4.851
1741.828	4.858
1742.031	4.865
1742.234	4.87
1742.436	4.877
1742.638	4.884
1742.84	4.889
1743.044	4.894
1743.248	4.9
1743.451	4.905
1743.654	4.912
1743.856	4.918
1744.057	4.922
1744.259	4.928
1744.459	4.933
1744.66	4.937
1744.86	4.943
1745.06	4.948
1745.26	4.952
1745.459	4.957
1745.659	4.962
1745.859	4.965
1746.057	4.968
1746.255	4.972
1746.454	4.974
1746.651	4.977
1746.847	4.981
1747.044	4.983
1747.239	4.987
1747.433	4.991
1747.625	4.993
1747.817	4.996
1748.008	4.999
1748.199	5.003
1748.388	5.007
1748.578	5.013
1748.767	5.019
1748.956	5.023
1749.143	5.027
1749.329	5.032
1749.513	5.038
1749.695	5.045
1749.877	5.051
1750.058	5.056
1750.24	5.06
1750.419	5.064
1750.598	5.068
1750.777	5.072
1750.953	5.076
1751.13	5.08
1751.306	5.084
1751.482	5.089
1751.659	5.093
1751.835	5.096
1752.011	5.101
1752.187	5.106
1752.362	5.113
1752.541	5.119
1752.719	5.124
1752.896	5.129
1753.076	5.136
1753.254	5.143
1753.432	5.148
1753.61	5.154
1753.769	5.157
1753.947	5.161
1754.123	5.166
1754.3	5.17
1754.477	5.174
1754.652	5.178
1754.828	5.183
1755.001	5.187
1755.174	5.19
1755.348	5.194
1755.523	5.199
1755.698	5.204
1755.871	5.209
1756.045	5.214
1756.219	5.218
1756.394	5.222
1756.569	5.225
1756.742	5.229
1756.914	5.233
1757.087	5.236
1757.26	5.238
1757.432	5.24
1757.608	5.243
1757.785	5.245
1757.964	5.248
1758.141	5.25
1758.318	5.252
1758.497	5.256
1758.674	5.26
1758.852	5.264
1759.029	5.269
1759.205	5.275
1759.381	5.28
1759.556	5.285
1759.731	5.289
1759.906	5.294
1760.081	5.301
1760.258	5.307
1760.436	5.312
1760.614	5.318
1760.792	5.324
1760.969	5.328
1761.146	5.333
1761.322	5.338
1761.498	5.342
1761.673	5.346
1761.849	5.349
1762.023	5.353
1762.196	5.356
1762.37	5.358
1762.544	5.36
1762.717	5.362
1762.892	5.365
1763.065	5.368
1763.238	5.371
1763.412	5.374
1763.586	5.378
1763.758	5.381
1763.93	5.385
1764.103	5.388
1764.275	5.392
1764.448	5.396
1764.622	5.401
1764.796	5.405
1764.971	5.41
1765.146	5.416
1765.321	5.422
1765.495	5.428
1765.669	5.435
1765.842	5.443
1766.015	5.452
1766.188	5.461
1766.362	5.472
1766.533	5.483
1766.705	5.495
1766.877	5.509
1767.048	5.523
1767.22	5.541
1767.39	5.561
1767.56	5.582
1767.73	5.604
1767.897	5.629
1768.062	5.656
1768.224	5.684
1768.382	5.712
1768.538	5.74
1768.691	5.769
1768.839	5.8
1768.984	5.832
1769.126	5.865
1769.265	5.898
1769.401	5.933
1769.535	5.968
1769.667	6.006
1769.802	6.047
1769.94	6.09
1770.078	6.135
1770.218	6.185
1770.358	6.237
1770.5	6.294
1770.641	6.352
1770.783	6.413
1770.923	6.479
1771.063	6.548
1771.204	6.619
1771.345	6.694
1771.486	6.772
1771.626	6.852
1771.769	6.935
1771.911	7.021
1772.053	7.113
1772.191	7.21
1772.328	7.309
1772.465	7.409
1772.601	7.513
1772.736	7.617
1772.867	7.725
1772.994	7.838
1773.116	7.954
1773.237	8.072
1773.355	8.192
1773.47	8.313
1773.583	8.436
1773.695	8.559
1773.805	8.683
1773.911	8.809
1774.013	8.936
1774.112	9.066
1774.208	9.197
1774.302	9.328
1774.391	9.462
1774.476	9.598
1774.556	9.735
1774.633	9.873
1774.708	10.014
1774.78	10.158
1774.847	10.305
1774.911	10.453
1774.973	10.603
1775.033	10.754
1775.091	10.907
1775.142	11.061
1775.189	11.215
1775.235	11.37
1775.279	11.524
1775.32	11.682
1775.358	11.842
1775.392	12.003
1775.424	12.166
1775.454	12.33
1775.483	12.496
1775.507	12.664
1775.531	12.833
1775.554	13.003
1775.574	13.174
1775.593	13.345
1775.61	13.517
1775.624	13.69
1775.636	13.861
1775.647	14.032
1775.657	14.205
1775.667	14.379
1775.674	14.552
1775.681	14.728
1775.689	14.907
1775.697	15.088
1775.702	15.267
1775.705	15.447
1775.709	15.627
1775.713	15.808
1775.717	15.989
1775.721	16.17
1775.722	16.352
1775.723	16.532
1775.725	16.711
1775.725	16.891
1775.724	17.071
1775.721	17.253
1775.719	17.435
1775.717	17.617
1775.716	17.8
1775.714	17.984
1775.711	18.168
1775.709	18.353
1775.707	18.537
1775.705	18.722
1775.704	18.908
1775.703	19.095
1775.702	19.282
1775.7	19.471
1775.695	19.66
1775.689	19.851
1775.685	20.024
1775.68	20.215
1775.677	20.406
1775.675	20.597
1775.673	20.788
1775.672	20.98
1775.671	21.172
1775.671	21.364
1775.67	21.557
1775.67	21.75
1775.67	21.943
1775.67	22.136
1775.671	22.33
1775.672	22.524
1775.672	22.719
1775.671	22.914
1775.669	23.11
1775.667	23.307
1775.667	23.505
1775.666	23.705
1775.666	23.907
1775.664	24.11
1775.664	24.313
1775.667	24.516
1775.669	24.721
1775.671	24.927
1775.672	25.134
1775.674	25.343
1775.673	25.553
1775.672	25.763
1775.672	25.975
1775.671	26.187
1775.671	26.4
1775.67	26.614
1775.667	26.826
1775.665	27.04
1775.663	27.253
1775.662	27.465
1775.66	27.678
1775.659	27.892
1775.656	28.107
1775.653	28.322
1775.65	28.536
1775.648	28.749
1775.646	28.963
1775.644	29.177
1775.639	29.39
1775.635	29.605
1775.631	29.82
1775.628	30.036
1775.628	30.252
1775.627	30.466
1775.624	30.677
1775.623	30.889
1775.622	31.1
1775.618	31.309
1775.615	31.519
1775.611	31.727
1775.605	31.931
1775.601	32.136
1775.597	32.34
1775.591	32.543
1775.587	32.746
1775.583	32.947
1775.58	33.147
1775.577	33.346
1775.574	33.544
1775.57	33.738
1775.566	33.933
1775.562	34.128
1775.557	34.321
1775.553	34.516
1775.548	34.71
1775.542	34.905
1775.536	35.101
1775.53	35.295
1775.524	35.491
1775.519	35.687
1775.513	35.882
1775.509	36.076
1775.505	36.27
