0.047785198432393372,0.734235865995287895
0.048451951763126999,0.823029094375669956
0.040665884094778448,0.922985577024519444
0.041415981657337397,1.022877961397171021
0.033713258570060134,1.133933598175644875
0.034546700539067388,1.244925132952630520
0.026843977859243751,1.355980769731104374
0.027760764118283987,1.478071459569036961
0.020141386077739298,1.600226249545812607
0.012605352560058236,1.733480192720890045
0.013605483458377421,1.866670037619769573
0.006152794696390629,2.011023134924471378
-0.001299893716350198,2.155376231297850609
-0.008752583933528513,2.299729328602552414
-0.007585763873066753,2.455117479898035526
-0.015038449200801551,2.599470577202737331
-0.022407792042940855,2.754922827705740929
-0.029693792341277003,2.921474232338368893
-0.037063134310301393,3.076926483772695065
-0.044349131640046835,3.243477888405323029
-0.051635128504130989,3.410029293037950993
-0.050384962814860046,3.576516598463058472
-0.057587614632211626,3.754167157225310802
-0.056337448710110039,3.920654463581740856
-0.055003938323352486,4.098240924999117851
-0.053670427878387272,4.275827383622527122
-0.060873078531585634,4.453477943316102028
-0.068075728777330369,4.631128503009676933
-0.075278378615621477,4.808779060840606689
-0.082481027930043638,4.986429620534181595
-0.081064172030892223,5.175115234218537807
-0.088183478335849941,5.363864947110414505
-0.095386124390643090,5.541515505872666836
-0.093969267851207405,5.730201121419668198
-0.101088570838328451,5.918950833380222321
-0.108207875513471663,6.107700546272099018
-0.115327177569270134,6.296450259163975716
-0.113910320214927197,6.485135874710977077
-0.120946276932954788,6.684984741732478142
-0.128065577708184719,6.873734454624354839
-0.126565375190693885,7.073519223369657993
-0.133601330686360598,7.273368090391159058
-0.140637285599950701,7.473216959275305271
-0.147589895408600569,7.684164980426430702
-0.154542504693381488,7.895113000646233559
-0.161578458093572408,8.094961868599057198
-0.168531068484298885,8.305909890681505203
-0.166947519523091614,8.516793812625110149
-0.165363970503676683,8.727677735500037670
-0.172316577576566488,8.938625756651163101
-0.179185837274417281,9.160672932863235474
-0.186055100697558373,9.382720110006630421
-0.192924361384939402,9.604767284356057644
-0.199793621490243822,9.826814460568130016
-0.198126726143527776,10.048797536641359329
-0.204912640561815351,10.281943867914378643
-0.211698554398026317,10.515090198256075382
-0.227020621765404940,10.748300625942647457
-0.233806534204632044,10.981446956284344196
-0.232056292355991900,11.214529187418520451
-0.230222705635242164,11.458710573613643646
-0.237008616735693067,11.691856903024017811
-0.243711184477433562,11.936102389357984066
-0.250413749483413994,12.180347873829305172
-0.257116313790902495,12.424593358300626278
-0.263818877516314387,12.668838841840624809
-0.270438095671124756,12.924183480441570282
-0.268521161749958992,13.179464020766317844
-0.275140378798823804,13.434808660298585892
-0.281759595207404345,13.690153299830853939
-0.288378810975700617,13.945497939363121986
-0.294914681056980044,14.211941732093691826
-0.301450550381559879,14.478385525755584240
-0.299450269434601068,14.744765219278633595
-0.305986137711443007,15.011209013871848583
-0.312522005289793015,15.277652807533740997
-0.310438378364779055,15.555131656117737293
-0.308438096370082349,15.821511351503431797
-0.314890619483776391,16.099054299294948578
-0.312806991918478161,16.376533147878944874
-0.319259511714335531,16.654076096601784229
-0.317175883566960692,16.931554946117103100
-0.315008910256437957,17.220132948830723763
-0.321378083317540586,17.508775050751864910
-0.319211109424941242,17.797353055328130722
-0.325580281263682991,18.085995159111917019
-0.323329961625859141,18.385672316886484623
-0.329699132242240012,18.674314419738948345
-0.327448812022339553,18.973991579376161098
-0.325198491686023772,19.273668736219406128
-0.331400970171671361,19.584509147331118584
-0.329150649195071310,19.884186306968331337
-0.326816982938908041,20.194962619803845882
-0.333019459620118141,20.505803031846880913
-0.330685792723670602,20.816579345613718033
-0.336888268124312162,21.127419757656753063
-0.334554600529372692,21.438196071423590183
-0.340673729369882494,21.760135635733604431
-0.338340061192866415,22.070911950431764126
-0.344542533915955573,22.381752364337444305
-0.350745005824137479,22.692592777311801910
-0.348327991203404963,23.014468247070908546
-0.354530461772810668,23.325308660045266151
-0.352196791849564761,23.636084973812103271
-0.358315917896106839,23.958024539984762669
-0.355982247332576662,24.268800856545567513
-0.362101369886659086,24.590740425512194633
-0.359767698682844639,24.901516739279031754
-0.365886819898150861,25.223456308245658875
-0.363553148054052144,25.534232622012495995
-0.369672267872374505,25.856172192841768265
-0.367255249992012978,26.178047662600874901
-0.373457713867537677,26.488888077437877655
-0.379576831473968923,26.810827646404504776
-0.377159812429454178,27.132703117094933987
-0.383278928580693901,27.454642686992883682
-0.389398043917026371,27.776582255959510803
-0.386981023766566068,28.098457726649940014
-0.393100137705914676,28.420397298410534859
-0.399135905201546848,28.753436022438108921
-0.405255017394665629,29.075375593267381191
-0.411290783085860312,29.408414317294955254
-0.417409895686432719,29.730353889055550098
-0.423445659689605236,30.063392614014446735
-0.429481422703247517,30.396431339904665947
-0.435600530472584069,30.718370910733938217
-0.441636291681788862,31.051409636624157429
-0.447672052076086402,31.384448362514376640
-0.462243942078202963,31.717551188543438911
-0.468279700202401727,32.050589916296303272
-0.474232111708261073,32.394727796316146851
-0.480267868028022349,32.727766524069011211
-0.494839754654094577,33.060869350098073483
-0.500792162958532572,33.405007231980562210
-0.506827916193287820,33.738045956939458847
-0.521316450613085181,34.082247939892113209
-0.527352201635949314,34.415286666713654995
-0.533304605807643384,34.759424549527466297
-0.547876481781713665,35.092527377419173717
-0.553828883741516620,35.436665260232985020
-0.559864630748052150,35.769703988917171955
-0.565817030845209956,36.113841870799660683
-0.571769432106520981,36.457979753613471985
-0.577805176377296448,36.791018484160304070
-0.583757573680486530,37.135156367905437946
-0.589709969994146377,37.479294249787926674
-0.604198489163536578,37.823496235534548759
-0.610234229359775782,38.156534964218735695
-0.616186622530221939,38.500672847963869572
-0.622222360863815993,38.833711578510701656
-0.628258098324295133,39.166750309057533741
-0.634293834911659360,39.499789039604365826
-0.640329570567701012,39.832827770151197910
-0.654901428613811731,40.165930601768195629
-0.669389936549123377,40.510132585652172565
-0.675425668712705374,40.843171318061649799
-0.681461400003172457,41.176210049539804459
-0.678961010766215622,41.509184681810438633
-0.676460621354635805,41.842159313149750233
-0.673960231826640666,42.175133946351706982
-0.679995960555970669,42.508172676898539066
-0.686115034797694534,42.830112255178391933
-0.692234108166303486,43.152051833458244801
-0.698353182815480977,43.473991411738097668
-0.704472252284176648,43.795930989086627960
-0.702055206347722560,44.117806468158960342
-0.699638160236645490,44.439681947231292725
-0.705757229996379465,44.761621526442468166
-0.703423529688734561,45.072397851385176182
-0.701006482820957899,45.394273330457508564
-0.698672782280482352,45.705049655400216579
-0.704875198309309781,46.015890080481767654
-0.702624843572266400,46.315567251294851303
-0.708827256108634174,46.626407677307724953
-0.715113014332018793,46.926148949190974236
-0.721482118242420256,47.214791065081954002
-0.719231761991977692,47.514468235895037651
-0.717064752185251564,47.803046252578496933
-0.723517201025970280,48.080589216202497482
-0.721433537197299302,48.358068078756332397
-0.727885984873864800,48.635611041449010372
-0.725802320521324873,48.913089904934167862
-0.732338113652076572,49.179533713497221470
-0.730254448717460036,49.457012576982378960
-0.728170783724635839,49.734491440467536449
-0.726170465233735740,50.000871149823069572
-0.724086800008080900,50.278350013308227062
-0.722086481342557818,50.544729721732437611
-0.720086162560619414,50.811109431087970734
-0.718002496985718608,51.088588294573128223
-0.716085524647496641,51.343868850730359554
-0.722621313820127398,51.610312661156058311
-0.720620994281489402,51.876692369580268860
-0.718704021361190826,52.131972923874855042
-0.725239809020422399,52.398416734300553799
-0.723322835576254874,52.653697289526462555
-0.721405862073879689,52.908977845683693886
-0.719488888455089182,53.164258399978280067
-0.717488568043336272,53.430638112127780914
-0.724107702379114926,53.685982766561210155
-0.722190728178247809,53.941263322718441486
-0.728809857100713998,54.196607979945838451
-0.726892882492393255,54.451888536103069782
-0.733512012520805001,54.707233191467821598
-0.740131144062615931,54.962577847763895988
-0.738214168581180274,55.217858404852449894
-0.744833296921569854,55.473203062079846859
-0.742916320974472910,55.728483619168400764
-0.749535448267124593,55.983828273601830006
-0.747701818589121103,56.228009678423404694
-0.745784842059947550,56.483290234580636024
-0.743867865472566336,56.738570790737867355
-0.741950888768769801,56.993851348757743835
-0.740117258741520345,57.238032750785350800
-0.746736383531242609,57.493377408944070339
-0.753438854473643005,57.737622912973165512
-0.751605223689693958,57.981804315000772476
-0.758224346791394055,58.237148972228169441
-0.756390715541783720,58.481330375187098980
-0.763093184505123645,58.725575878284871578
-0.761259552789852023,58.969757281243801117
-0.767962020821869373,59.214002785272896290
-0.766128388640936464,59.458184190094470978
-0.772830855625215918,59.702429692260921001
-0.771080570004414767,59.935511942021548748
-0.777783038211055100,60.179757445119321346
-0.775949405157007277,60.423938849009573460
-0.774199119012337178,60.657021097838878632
-0.772365485841874033,60.901202501729130745
-0.770615199580788612,61.134284751489758492
-0.777317661326378584,61.378530257381498814
-0.775567374657839537,61.611612505279481411
-0.782353184651583433,61.844758856110274792
-0.789138996216934174,62.077905205078423023
-0.787305361707694829,62.322086608968675137
-0.794174517213832587,62.544133805669844151
-0.800960325053893030,62.777280155569314957
-0.799210036871954799,63.010362405329942703
-0.806079190864693373,63.232409601099789143
-0.804328902217093855,63.465491850860416889
-0.802661960595287383,63.687474945560097694
-0.809447766281664371,63.920621298253536224
-0.807697477110195905,64.153703548014163971
-0.814566629007458687,64.375750743784010410
-0.821435780264437199,64.597797940485179424
-0.819768837536685169,64.819781036116182804
-0.826637987978756428,65.041828231886029243
-0.824887697701342404,65.274910482577979565
-0.823220754507929087,65.496893579140305519
-0.830089903669431806,65.718940775841474533
-0.828506307210773230,65.929824717342853546
-0.835375457769259810,66.151871914044022560
-0.833708513760939240,66.373855009675025940
-0.840661006222944707,66.584803052246570587
-0.838994061865378171,66.806786149740219116
-0.845946555666159838,67.017734191380441189
-0.844279610959347337,67.239717287942767143
-0.842696013336535543,67.450601228512823582
-0.849648508185055107,67.661549271084368229
-0.848064910271205008,67.872433213517069817
-0.855017402034718543,68.083381256088614464
-0.861969893274363130,68.294329299591481686
-0.860386294720228761,68.505213241092860699
-0.858802696049679071,68.716097183525562286
-0.865755186183378100,68.927045226097106934
-0.864171587163582444,69.137929167598485947
-0.871124076424166560,69.348877212032675743
-0.869623824430163950,69.548661999404430389
-0.876576312875840813,69.759610041975975037
-0.874992713157553226,69.970493985339999199
-0.881945200788322836,70.181442028842866421
-0.880361600662581623,70.392325972206890583
-0.887314087478443980,70.603274015709757805
-0.894266573712229729,70.814222058281302452
-0.901302409067284316,71.014070947654545307
-0.899718808010220528,71.224954890087246895
-0.898135206894949079,71.435838834382593632
-0.896551605663262308,71.646722776815295219
-0.903504087822511792,71.857670821249485016
-0.901920486241579056,72.068554763682186604
-0.900420232093892992,72.268339552916586399
-0.898836630454752594,72.479223496280610561
-0.905872460803948343,72.679072385653853416
-0.904288858757354319,72.889956330880522728
-0.902788604144006968,73.089741119183599949
-0.909741088107693940,73.300689163617789745
-0.908240833145100623,73.500473952852189541
-0.906657230632845312,73.711357895284891129
-0.913693058828357607,73.911206785589456558
-0.912192803458310664,74.110991574823856354
-0.910692548030056059,74.310776364058256149
-0.909192292543593794,74.510561153292655945
-0.916228119400329888,74.710410042665898800
-0.914727863564621657,74.910194831900298595
-0.913227607728913426,75.109979622066020966
-0.920263433537911624,75.309828511439263821
-0.918763177294749767,75.509613301604986191
-0.917262921051587909,75.709398090839385986
-0.915846012299880385,75.898083726875483990
-0.914345755940303206,76.097868516109883785
-0.912845499522518367,76.297653305344283581
-0.911428590596187860,76.486338939517736435
-0.909928334061987698,76.686123729683458805
-0.908428077469579875,76.885908519849181175
-0.915463900542818010,77.085757411085069180
-0.914046991209033877,77.274443047121167183
-0.912546734267380089,77.474227836355566978
-0.911046477209310979,77.674012626521289349
-0.909629567759111524,77.862698261626064777
-0.899593231966719031,78.062418951652944088
-0.898092975025065243,78.262203742749989033
-0.896676065574865788,78.450889377854764462
-0.895175808516796678,78.650674167089164257
-0.893758898950181901,78.839359803125262260
-0.892258641775697470,79.039144594222307205
-0.890841732150875032,79.227830230258405209
-0.889341474801767617,79.427615019492805004
-0.887924565118737519,79.616300656460225582
-0.886424307653214782,79.816085447557270527
-0.885007397853769362,80.004771081730723381
-0.892126564169302583,80.193520818836987019
-0.890626306354533881,80.393305610865354538
-0.889209396147634834,80.581991248764097691
-0.887792485882528126,80.770676883868873119
-0.886375575617421418,80.959362518973648548
-0.893494740361347795,81.148112257011234760
-0.891994482080917805,81.347897047176957130
-0.890577571408357471,81.536582685075700283
-0.889160660677589476,81.725268320180475712
-0.887743749888613820,81.913953958079218864
-0.886243491375353187,82.113738749176263809
-0.884826580528169870,82.302424385212361813
-0.883409669564571232,82.491110021248459816
-0.881992758600972593,82.679795659147202969
-0.880575847579166293,82.868481295183300972
-0.879158936499152333,83.057166933082044125
-0.877742025360930711,83.245852569118142128
-0.876325114164501429,83.434538206085562706
-0.874908202909864485,83.623223843052983284
-0.882110711536370218,83.800874425098299980
-0.880693800048902631,83.989560062997043133
-0.879360236169304699,84.167146543972194195
-0.877943324507214129,84.355832181870937347
-0.885145831911358982,84.533482763916254044
-0.883728919958230108,84.722168402746319771
-0.882395355729386210,84.899754884652793407
-0.889514514419715852,85.088504622690379620
-0.888180949899833649,85.266091104596853256
-0.895383457827847451,85.443741687573492527
-0.902585960924625397,85.621392270550131798
-0.909705117985140532,85.810142008587718010
-0.916824276675470173,85.998891745693981647
-0.932562850124668330,86.176606431603431702
-0.939598657656461000,86.376455324701964855
-0.955253881635144353,86.565269162878394127
-0.979361825622618198,86.765246258117258549
-1.003553116228431463,86.954124199226498604
-1.027661059575621039,87.154101294465363026
-1.043232931231614202,87.354014288634061813
-1.075876937829889357,87.554055486805737019
-1.108520944719202816,87.754096682183444500
-1.141081599344033748,87.965237034484744072
-1.173725600354373455,88.165278232656419277
-1.214822320383973420,88.376482686027884483
-1.255919035756960511,88.587687140330672264
-1.297015748743433505,88.798891593702137470
-1.346648527774959803,89.010160150006413460
-1.396364650398027152,89.210329551249742508
-1.454616838251240551,89.410563054494559765
-1.512785674189217389,89.621895712800323963
-1.571037853427696973,89.822129216976463795
-1.629373380623292178,90.011263565160334110
-1.696161620726343244,90.211561171337962151
-1.763033204188104719,90.400759624317288399
-1.829904786427505314,90.589958077296614647
-1.896776365174446255,90.779156529344618320
-1.972267352044582367,90.957319930195808411
-2.047674987756181508,91.146582486107945442
-2.131702033104375005,91.324809990823268890
-2.207193010894116014,91.502973393537104130
-2.291220048384275287,91.681200900115072727
-2.375330429873429239,91.848329252563416958
-2.459440811828244478,92.015457605943083763
-2.552003898075781763,92.193749218247830868
-2.636197620595339686,92.349778418429195881
-2.728844051307532936,92.516970876604318619
-2.821490477886982262,92.684163336642086506
-2.914220251259393990,92.840256642550230026
-3.015486082644201815,92.996414053253829479
-3.116751909838058054,93.152571465820074081
-3.218101084174122661,93.297629723325371742
-3.319366903044283390,93.453787136822938919
-3.420716069405898452,93.598845398053526878
-3.530601292906794697,93.743967764079570770
-3.640486512216739357,93.889090132899582386
-3.741919018677435815,94.023049242794513702
-3.851804229838307947,94.168171612545847893
-3.970308849646244198,94.302258933894336224
-4.088646762014832348,94.458544566296041012
-4.207151373091619462,94.592631891369819641
-4.308667213073931634,94.715491856448352337
-4.435791229188907892,94.838544133119285107
-4.554295828158501536,94.972631463780999184
-4.681336482404731214,95.106782902032136917
-4.808460488100536168,95.229835185222327709
-4.944037192792166024,95.364050732925534248
-5.079697249049786478,95.487167127430438995
-5.206821239728014916,95.610219418071210384
-5.334111935342662036,95.711073402315378189
-5.478224683029111475,95.845353065058588982
-5.605432016251143068,95.957306206226348877
-5.741092048992868513,96.080422613769769669
-5.885371493175625801,96.192503972910344601
-6.029650930955540389,96.304585334844887257
-6.173930364428088069,96.416666701436042786
-6.335281911829952151,96.528876283206045628
-6.488180750689934939,96.629922607913613319
-6.624007472244556993,96.730840720236301422
-6.793978418456390500,96.832015262916684151
-6.946877247421070933,96.933061595074832439
-7.108395486837252975,97.023072885349392891
-7.244305548490956426,97.112891850993037224
-7.422895895026158541,97.203031362034380436
-7.584414121054578573,97.293042660690844059
-7.737396288430318236,97.382989854551851749
-7.898997867479920387,97.461902003735303879
-8.060599441058002412,97.540814155712723732
-8.230737070203758776,97.619790421798825264
-8.392421996162738651,97.687603427097201347
-8.554023562115617096,97.766515592113137245
-8.724244540790095925,97.834392712451517582
-8.894465516554191709,97.902269838377833366
-9.064686487079598010,97.970146968029439449
-9.234990817145444453,98.026924944482743740
-9.413831200916320086,98.083767036907374859
-9.592671579972375184,98.140609132125973701
-9.771511958562768996,98.197451232932507992
-9.941899639787152410,98.243130071088671684
-10.120823375124018639,98.288873023353517056
-10.299747108365409076,98.334615982137620449
-10.478670837299432606,98.380358941853046417
-10.666130622266791761,98.426166021265089512
-10.845137711847200990,98.460809834301471710
-11.032680853502824903,98.495517765171825886
-11.211687939940020442,98.530161589384078979
-11.399231080547906458,98.564869531430304050
-11.586774219525977969,98.599577474407851696
-11.774317356816027313,98.634285424835979939
-11.961943856847938150,98.657894222997128963
-12.149486991227604449,98.692602180875837803
-12.337113486602902412,98.716210989281535149
-12.533276040805503726,98.739883916452527046
-12.720902533968910575,98.763492734171450138
-12.916981718095485121,98.798264825716614723
-13.113144266477320343,98.821937767788767815
-13.309306813695002347,98.845610714517533779
-13.505469359806738794,98.869283665902912617
-13.701631904812529683,98.892956621944904327
-13.897877815761603415,98.905530428513884544
-14.094040358788333833,98.929203395731747150
-14.298738955985754728,98.952940481714904308
-14.494984864722937346,98.965514305979013443
-14.699683459883090109,98.989251404069364071
-14.904382053879089653,99.012988506816327572
-15.109164015564601868,99.025626461021602154
-15.322482031886465847,99.038328539580106735
-15.527263992466032505,99.050966504029929638
-15.740582007565535605,99.063668592832982540
-15.945363966980949044,99.076306569389998913
-16.158681983069982380,99.089008668437600136
-16.371999996481463313,99.101710773073136806
-16.585318007040768862,99.114412887021899223
-16.798636021325364709,99.127115005627274513
-17.012037404580041766,99.128717973828315735
-17.225355415837839246,99.141420103609561920
-17.447292853961698711,99.143087203614413738
-17.660610864346381277,99.155789345502853394
-17.882548304274678230,99.157456458546221256
-18.104485742165707052,99.159123578108847141
-18.326423179998528212,99.160790702328085899
-18.548360617889557034,99.162457834929227829
-18.770298055780585855,99.164124974049627781
-18.992235493671614677,99.165792117826640606
-19.214172933832742274,99.167459269985556602
-19.436110371781978756,99.169126428663730621
-19.666583864891435951,99.170857714489102364
-19.888521302898880094,99.172524886205792427
-20.118994796066544950,99.174256186001002789
-20.349468291446100920,99.175987492315471172
-20.580025161500088871,99.166619651019573212
-20.819034712389111519,99.168415094725787640
-21.049508205964230001,99.170146423391997814
-21.280065077531617135,99.160778603516519070
-21.519074628828093410,99.162574068643152714
-21.749631501385010779,99.153206262737512589
-21.988724429917056113,99.143902586773037910
-22.227733981970231980,99.145698075182735920
-22.466826911550015211,99.136394416913390160
-22.705836461856961250,99.138189919292926788
-22.953465449914801866,99.128950400277972221
-23.192558381299022585,99.119646764360368252
-23.440103989792987704,99.121506416238844395
-23.679196922341361642,99.112202794291079044
-23.926825910806655884,99.102963306941092014
-24.174454902240540832,99.093723827041685581
-24.422083892219234258,99.084484356455504894
-24.669629502284806222,99.086344048380851746
-24.917175110196694732,99.088203748688101768
-25.173340159235522151,99.079028429463505745
-25.429588590748608112,99.058753963559865952
-25.685753641650080681,99.049578662030398846
-25.933382635819725692,99.040339238010346889
-26.189547686139121652,99.031163954176008701
-26.437093298533000052,99.033023703843355179
-26.693341737962327898,99.012749278917908669
-26.940887348959222436,99.014609045349061489
-27.197052404109854251,99.005433794111013412
-27.444598015514202416,99.007293576374650002
-27.692143629188649356,99.009153367020189762
-27.939772628305945545,98.999914010055363178
-28.187401628121733665,98.990674661472439766
-28.435030630906112492,98.981435321271419525
-28.682576243532821536,98.983295143581926823
-28.930205247423145920,98.974055818282067776
-29.177750860515516251,98.975915657356381416
-29.416843807848636061,98.966612217947840691
-29.664472813601605594,98.957372915931046009
-29.912018429662566632,98.959232778288424015
-30.151111378858331591,98.949929360300302505
-30.398740384378470480,98.940690082497894764
-30.637749945628456771,98.942485834471881390
-30.885378952254541218,98.933246574364602566
-31.124471906223334372,98.923943186178803444
-31.363564858678728342,98.914639806374907494
-31.602657811949029565,98.905336433090269566
-31.841667374712415040,98.907132223248481750
-32.089296384656336159,98.897893001325428486
-32.328389339731074870,98.888589651323854923
-32.567482297657988966,98.879286308772861958
-32.806575254129711539,98.869982973672449589
-33.045668213570024818,98.860679646953940392
-33.293297227122820914,98.851440462283790112
-33.532306790060829371,98.853236306458711624
-33.771399749093689024,98.843933001160621643
-34.010492711036931723,98.834629704244434834
-34.249585671524982899,98.825326415710151196
-34.488678634923417121,98.816023132763803005
-34.727771596808452159,98.806719859130680561
-34.966864561662077904,98.797416592016816139
-35.205874126811977476,98.799212487414479256
-35.444967090559657663,98.789909235201776028
-35.692596110806334764,98.780670129694044590
-35.931689078162889928,98.771366894245147705
-36.170782044064253569,98.762063664384186268
-36.409791612939443439,98.763859597966074944
-36.648884579946752638,98.754556384868919849
-36.887977549864444882,98.745253176428377628
-37.127070518326945603,98.735949976369738579
-37.366163487546145916,98.726646784693002701
-37.605256459559313953,98.717343601398169994
-37.844266028143465519,98.719139579683542252
-38.083358999167103320,98.709836409427225590
-38.322451973042916507,98.700533248484134674
-38.561544945463538170,98.691230094991624355
-38.800637918640859425,98.681926948018372059
-39.039730894728563726,98.672623807564377785
-39.278740465175360441,98.674419832415878773
-39.517833442310802639,98.665116708725690842
-39.765462473966181278,98.655877735465764999
-40.004555450403131545,98.646574626676738262
-40.243648429692257196,98.637271525338292122
-40.491277463559526950,98.628032576292753220
-40.730370444362051785,98.618729489855468273
-40.969463423709385097,98.609426410868763924
-41.217092459788545966,98.600187486037611961
-41.456185440591070801,98.590884423814713955
-41.695278424245771021,98.581581367179751396
-41.934371408657170832,98.572278319858014584
-42.182000447704922408,98.563039423897862434
-42.421093431359622627,98.553736392408609390
-42.660186415771022439,98.544433366507291794
-42.907815459184348583,98.535194494761526585
-43.146908445050939918,98.525891486555337906
-43.386001433827914298,98.516588483005762100
-43.633630477299448103,98.507349635474383831
-43.872640056652016938,98.509145804680883884
-44.111733045079745352,98.499842825345695019
-44.359362090413924307,98.490604002028703690
-44.598538494319655001,98.470201881602406502
-44.837631485308520496,98.460898924618959427
-45.076724479091353714,98.451595975086092949
-45.324353527743369341,98.442357183434069157
-45.563446520885918289,98.433054248802363873
-45.802539516880642623,98.423751320689916611
-46.041632511420175433,98.414448401890695095
-46.280725506716407835,98.405145489610731602
-46.519818504864815623,98.395842585712671280
-46.758911501616239548,98.386539688333868980
-46.997921085800044239,98.388335954397916794
-47.237097499368246645,98.367933916859328747
-47.476190498215146363,98.358631042763590813
-47.715283500030636787,98.349328176118433475
-47.954376500332728028,98.340025316923856735
-48.193469501391518861,98.330722465179860592
-48.432562505302485079,98.321419620886445045
-48.671655507816467434,98.312116784043610096
-48.910748511028941721,98.302813953720033169
-49.149841517151799053,98.293511133641004562
-49.388934521761257201,98.284208317287266254
-49.628027527127414942,98.274905511178076267
-49.867120535462163389,98.265602712519466877
-50.106213542225304991,98.256299920380115509
-50.345306549803353846,98.246997136622667313
-50.584399560233578086,98.237694360315799713
-50.823492569208610803,98.228391589596867561
-51.062585578882135451,98.219088828191161156
-51.310298069787677377,98.198751076124608517
-51.549391081265639514,98.189448329620063305
-51.788484095712192357,98.180145590566098690
-52.027577108645346016,98.170842858031392097
-52.266670122335199267,98.161540133878588676
-52.505763138877227902,98.152237418107688427
-52.753392210695892572,98.142998869530856609
-52.992485228693112731,98.133696167729794979
-53.240114301966968924,98.124457634054124355
-53.479207321477588266,98.115154947154223919
-53.735372452996671200,98.105980589054524899
-53.983001528540626168,98.096742078661918640
-54.239166663726791739,98.087567737326025963
-54.486795742937829345,98.078329242765903473
-54.743044304195791483,98.058055764064192772
-54.990673385269474238,98.048817286267876625
-55.246921949204988778,98.028543823398649693
-55.503087089047767222,98.019369523972272873
-55.759335655602626503,97.999096079729497433
-56.024036854272708297,97.989985958673059940
-56.280201994581148028,97.980811686255037785
-56.536367137916386127,97.971637423150241375
-56.801068336761090904,97.962527330964803696
-57.065769538574386388,97.953417249023914337
-57.330554171639960259,97.933208017610013485
-57.595255373278632760,97.924097953364253044
-57.868492634908761829,97.915052063763141632
-58.133277269778773189,97.894842863082885742
-58.406514535599853843,97.885796992108225822
-58.679835230344906449,97.865651974454522133
-58.953072496049571782,97.856606123037636280
-59.217773703334387392,97.847496114671230316
-59.491094404307659715,97.827351127751171589
-59.755795615725219250,97.818241138942539692
-60.029032882943283767,97.809195324778556824
-60.302353587991092354,97.789050366729497910
-60.567054800048936158,97.779940404929220676
-60.831839450693223625,97.759731297381222248
-61.096540666942019016,97.750621354207396507
-61.352705826750025153,97.741447253152728081
-61.608954421826638281,97.721174003556370735
-61.873655638715717942,97.712064089253544807
-62.129820801201276481,97.702890013344585896
-62.377533345017582178,97.682552619837224483
-62.633698507270310074,97.673378560692071915
-62.889947111019864678,97.653105354867875576
-63.146195714129135013,97.632832156494259834
-63.393824824248440564,97.623593953438103199
-63.649989990284666419,97.614419926889240742
-63.897702539805322886,97.594082585535943508
-64.153867709916085005,97.584908577613532543
-64.401496823411434889,97.575670406222343445
-64.649209376599173993,97.555333087220788002
-64.896838489745277911,97.546094931662082672
-65.144467605859972537,97.536856785416603088
-65.392096720461267978,97.527618645690381527
-65.639809280633926392,97.507281358353793621
-65.878902339551132172,97.497979061678051949
-66.126531456829980016,97.488740947097539902
-66.365624519356060773,97.479438667185604572
-66.613253638090100139,97.470200567506253719
-66.852346702129580081,97.460898302495479584
-67.091439764713868499,97.451596041209995747
-67.339068887813482434,97.442357965745031834
-67.578161951852962375,97.433055722154676914
-67.817255016590934247,97.423753487877547741
-68.056348084239289165,97.414451259188354015
-68.295441150432452559,97.405149037949740887
-68.534534217324107885,97.395846824161708355
-68.773627287126146257,97.386544618755578995
-69.004184297751635313,97.377178243361413479
-69.243277368950657547,97.367876053787767887
-69.482370438752695918,97.358573869802057743
-69.721463509253226221,97.349271694198250771
-69.960640031553339213,97.328870370052754879
-70.199733103858307004,97.319568208418786526
-70.430206669494509697,97.321301030926406384
-70.669383194879628718,97.300899730995297432
-70.899940211500506848,97.291533412411808968
-71.139033288811333477,97.282231280580163002
-71.369506855902727693,97.283964132890105247
-71.600063874269835651,97.274597834795713425
-71.830620893277227879,97.265231545083224773
-72.061177915195003152,97.255865263752639294
-72.291734935599379241,97.246498986147344112
-72.513755898806266487,97.237068537622690201
-72.744312920607626438,97.227702275849878788
-72.966333885095082223,97.218271837569773197
-73.188354852492921054,97.208841407671570778
-73.418911876331549138,97.199475167319178581
-73.640932842856273055,97.190044749528169632
-73.862953810079488903,97.180614339187741280
-74.084974780154880136,97.171183933503925800
-74.298459688492584974,97.161689352244138718
-74.520480659848544747,97.152258961461484432
-74.733882115804590285,97.153863549232482910
-74.955903085996396840,97.144433171488344669
-75.169387998816091567,97.134938613511621952
-75.391408972500357777,97.125508247874677181
-75.604893884388729930,97.116013703867793083
-75.818378799129277468,97.106519164517521858
-76.031863716663792729,97.097024632617831230
-76.253884690813720226,97.087594292126595974
-76.467369607475120574,97.078099771402776241
-76.689390582963824272,97.068669444881379604
-76.902875503059476614,97.059174936264753342
-77.116360419488046318,97.049680434167385101
-77.329845338710583746,97.040185937657952309
-77.543330260785296559,97.030691448599100113
-77.756815181288402528,97.021196965128183365
-77.970300102490000427,97.011702487245202065
-78.183785024273674935,97.002208014950156212
-78.397269946697633713,96.992713549174368382
-78.610754869761876762,96.983219088055193424
-78.815703735221177340,96.973660447634756565
-79.029188661719672382,96.964165998622775078
-79.234137528401333839,96.954607366584241390
-79.447622451814822853,96.945112931542098522
-79.661107378138694912,96.935618501156568527
-79.866056248778477311,96.926059885881841183
-80.079541176324710250,96.916565467603504658
-80.284490046091377735,96.907006867229938507
-80.497974974918179214,96.897512458264827728
-80.702923845965415239,96.887953866273164749
-80.916408776014577597,96.878459470346570015
-81.121357648284174502,96.868900889530777931
-81.326306521135848016,96.859342316165566444
-81.531255394627805799,96.849783747456967831
-81.736204268760047853,96.840225185267627239
-81.941153143416158855,96.830666626803576946
-82.146102018770761788,96.821108073927462101
-82.351050894765648991,96.811549526639282703
-82.555999771284405142,96.801990984939038754
-82.760948648501653224,96.792432448826730251
-82.965897526300977916,96.782873920165002346
-83.170929872838314623,96.762216238304972649
-83.375878752151038498,96.752657718025147915
-83.580827632104046643,96.743099204264581203
-83.794312573445495218,96.733604889363050461
-84.007797511119861156,96.724110581912100315
-84.212746392935514450,96.714552084915339947
-84.426231336197815835,96.705057788640260696
-84.639716277946718037,96.695563497021794319
-84.844748632225673646,96.674905860796570778
-85.058233575546182692,96.665411581285297871
-85.271718519506976008,96.655917308293282986
-85.485203464166261256,96.646423040889203548
-85.698688409407623112,96.636928780004382133
-85.912173355347476900,96.627434523776173592
-86.125658304023090750,96.617940274998545647
-86.347679310012608767,96.608510228805243969
-86.561164257873315364,96.599015992134809494
-86.783185265201609582,96.589585957117378712
-86.996670214342884719,96.580091733485460281
-87.218691223009955138,96.570661710575222969
-87.440712232317309827,96.561231696978211403
-87.654197185591328889,96.551737491041421890
-87.876218196237459779,96.542307487688958645
-88.098322682839352638,96.521778336726129055
-88.320343695115298033,96.512348346412181854
-88.542364708089735359,96.502918365411460400
-88.764385723916348070,96.493488389067351818
-88.986406738171353936,96.484058418311178684
-89.208427753183059394,96.474628455936908722
-89.438984827836975455,96.465262698940932751
-89.661005846341140568,96.455832748673856258
-89.883026863331906497,96.446402804926037788
-90.113583940023090690,96.437037069350481033
-90.335604958352632821,96.427607137709856033
-90.566162036440800875,96.418241416104137897
-90.796719117439351976,96.408875701017677784
-91.027192717359866947,96.410609147511422634
-91.249213738075923175,96.401179243810474873
-91.479854300967417657,96.380714393220841885
-91.710411382489837706,96.371348704211413860
-91.949504523945506662,96.362047228030860424
-92.180061606864910573,96.352681553922593594
-92.410618692694697529,96.343315887264907360
-92.649711836245842278,96.334014429710805416
-92.880268921318929642,96.324648777954280376
-93.119362068420741707,96.315347335301339626
-93.358455214125569910,96.306045901961624622
-93.597548360587097704,96.296744475141167641
-93.836641509842593223,96.287443057633936405
-94.075734657701104879,96.278141645714640617
-94.323363867762964219,96.268904447555541992
-94.562457017076667398,96.259603052400052547
-94.801633652183227241,96.239202506840229034
-95.040726805455051363,96.229901127517223358
-95.279736471478827298,96.231698908843100071
-95.510293564351741225,96.222333335317671299
-95.740850660018622875,96.212967769242823124
-95.971407754288520664,96.203602210618555546
-96.201964849198702723,96.194236659444868565
-96.432521944807376713,96.184871113859117031
-96.663079043326433748,96.175505576655268669
-96.893636140273883939,96.166140044108033180
-97.115657178568653762,96.156710311770439148
-97.346214279124978930,96.147344794124364853
-97.568235318700317293,96.137915075756609440
-97.790256358974147588,96.128485362976789474
-98.012193910137284547,96.130154811777174473
-98.225678891933057457,96.120660901069641113
-98.447616445599123836,96.122330361977219582
-98.661101426230743527,96.112836465239524841
-98.874586409598123282,96.103342573158442974
-99.088071395817678422,96.093848686665296555
-99.293020320939831436,96.084290596656501293
-99.506421814323402941,96.085895877331495285
-99.711370740376878530,96.076337798498570919
-99.916319667070638388,96.066779724322259426
-100.129721161094494164,96.068385022692382336
-100.334670088719576597,96.058826960623264313
-100.531082957342732698,96.049204690381884575
-100.735948392422869802,96.050745793618261814
-100.940813827619422227,96.052286902442574501
-101.137226697464939207,96.042664647102355957
-101.333639567892532796,96.033042399212718010
-101.521432884386740625,96.034455097280442715
-101.717845755687449127,96.024832857772707939
-101.914258627570234239,96.015210621058940887
-102.102051942492835224,96.016623333096504211
-102.298464815306942910,96.007001109421253204
-102.494794194528367370,96.008478045463562012
-102.691207066003698856,95.998855832032859325
-102.896156000031623989,95.989297837018966675
-103.092485377681441605,95.990774789825081825
-103.288898252882063389,95.981152590364217758
-103.485311128664761782,95.971530396491289139
-103.690260064729955047,95.961972423829138279
-103.886589443369302899,95.963449396193027496
-104.091538380365818739,95.953891433775424957
-104.296487318002618849,95.944333478808403015
-104.492900196462869644,95.934711310081183910
-104.697849135263822973,95.925153364427387714
-104.902714574942365289,95.926694580353796482
-105.116199574549682438,95.917200863361358643
-105.321148514922242612,95.907642934471368790
-105.534633515810128301,95.898149228654801846
-105.739498956419993192,95.899690466932952404
-105.952983960451092571,95.890196775086224079
-106.166468962910585105,95.880703086033463478
-106.379953966010361910,95.871209405362606049
-106.593438969750422984,95.861715730279684067
-106.806840471574105322,95.863321216776967049
-107.020325476303696632,95.853827552869915962
-107.242346541606821120,95.844398114830255508
-107.455831547616980970,95.834904464893043041
-107.677852616412565112,95.825475038029253483
-107.891337623703293502,95.815981400199234486
-108.113275187148246914,95.817651143297553062
-108.335296255419962108,95.808221736922860146
-108.557317324390169233,95.798792338930070400
-108.779338396154344082,95.789362945593893528
-109.001359466463327408,95.779933560639619827
-109.223380537412595004,95.770504180341959000
-109.453854162653442472,95.772238184697926044
-109.675875234650447965,95.762808818370103836
-109.897896309441421181,95.753379458561539650
-110.128453442826867104,95.744014329276978970
-110.350474516802933067,95.734584981575608253
-110.581031651585362852,95.725219866260886192
-110.802969220734667033,95.726889688521623611
-111.024990296398755163,95.717460360378026962
-111.255547432869207114,95.708095262758433819
-111.477568509930279106,95.698665948584675789
-111.708125647797714919,95.689300867728888988
-111.930146728351246566,95.679871565662324429
-112.152084297034889460,95.681541427038609982
-112.382641436648555100,95.672176366671919823
-112.604662516678217798,95.662747085094451904
-112.826683599618263543,95.653317810036242008
-113.048704681044910103,95.643888541497290134
-113.279178311349824071,95.645622662268579006
-113.501199393824208528,95.636193407699465752
-113.723220476938877255,95.626764158718287945
-113.945241562905721366,95.617334918119013309
-114.167262647300958633,95.607905682176351547
-114.389283732452895492,95.598476452752947807
-114.602685243997257203,95.600082158111035824
-114.824706330138724297,95.590652939863502979
-115.038191356579773128,95.581159501336514950
-115.251676385872997344,95.571666070260107517
-115.465077898406889290,95.573271798901259899
-115.678562926477752626,95.563778379000723362
-115.892047955247107893,95.554284964688122272
-116.096913408138789237,95.555826480500400066
-116.301862377440556884,95.546268846839666367
-116.515347407723311335,95.536775448359549046
-116.711676800856366754,95.538252751342952251
-116.916625771729741246,95.528695136308670044
-117.121491225610952824,95.530236680060625076
-117.317904137016739696,95.520614842884242535
-117.514233530790079385,95.522092166356742382
-117.710646443068981171,95.512470338493585587
-117.906975837191566825,95.513947672210633755
-118.094852689886465669,95.504261625930666924
-118.291182082146406174,95.505738968960940838
-118.478975418373011053,95.507152085192501545
-118.666852270020172000,95.497466050088405609
-118.854645604325924069,95.498879175633192062
-119.042522459058091044,95.489193148910999298
-119.221779733197763562,95.490542050451040268
-119.409573067852761596,95.491955189965665340
-119.588913863233756274,95.482204943895339966
-119.759635075053665787,95.483489623293280602
-119.938892349484376609,95.484838542528450489
-120.109697083244100213,95.475024075247347355
-120.280418297508731484,95.476308766752481461
-120.451139511773362756,95.477593462914228439
-120.621944248792715371,95.467779005877673626
-120.784129400621168315,95.468999473378062248
-120.954850615176837891,95.470284179784357548
-121.125655353185720742,95.460469735786318779
-121.287840505305211991,95.461690214462578297
-121.450025659578386694,95.462910696864128113
-121.620830396423116326,95.453096262179315090
-121.783099075430072844,95.443217596970498562
-121.953820290800649673,95.444502325728535652
-122.124625031137838960,95.434687902219593525
-122.286893709155265242,95.424809247255325317
-122.457614925049711019,95.426093987189233303
-122.628419666609261185,95.416279575787484646
-122.799140880641061813,95.417564323171973228
-122.969945622957311571,95.407749920152127743
-123.140750365797430277,95.397935518994927406
-123.303019046317785978,95.388056885451078415
-123.473823790205642581,95.378242492675781250
-123.644628532347269356,95.368428103625774384
-123.815433277224656194,95.358613719232380390
-123.986238022625911981,95.348799339495599270
-124.157042766339145601,95.338984961621463299
-124.310775391291826963,95.329042109660804272
-124.464508016710169613,95.319099261425435543
-124.626693172613158822,95.320319810882210732
-124.797497920284513384,95.310505448840558529
-124.968386197462677956,95.289591934531927109
-125.139274475630372763,95.268678423017263412
-125.310079223127104342,95.258864071220159531
-125.472347912436816841,95.248985482379794121
-125.643236190953757614,95.228071983903646469
-125.822660533536691219,95.207222728058695793
-125.993465285748243332,95.197408392094075680
-126.155817506136372685,95.176430663093924522
-126.326622259570285678,95.166616335511207581
-126.497510544839315116,95.145702853798866272
-126.668398828885983676,95.124789376743137836
-126.839287116134073585,95.103875905275344849
-127.001555811322759837,95.093997349962592125
-127.163908039336092770,95.073019640520215034
-127.326093201059848070,95.074240248650312424
-127.479909369430970401,95.053198304027318954
-127.642261597560718656,95.032220605760812759
-127.813149889989290386,95.011307155713438988
-127.975502120098099113,94.990329465828835964
-128.146390414447523654,94.969416021369397640
-128.308659114758484066,94.959537494927644730
-128.479547408700454980,94.938624057918787003
-128.641899644630029798,94.917646382004022598
-128.812787942762952298,94.896732953377068043
-128.975223713321611285,94.864656126126646996
-129.146112013666424900,94.843742705881595612
-129.317000315058976412,94.822829288430511951
-129.479436089517548680,94.790752474218606949
-129.650324393121991307,94.769839064218103886
-129.821296231704764068,94.737826501950621605
-129.983732012449763715,94.705749699845910072
-130.154703856154810637,94.673737143166363239
-130.317139639810193330,94.641660348512232304
-130.488111484330147505,94.609647800214588642
-130.650547270895913243,94.577571013011038303
-130.812983058858662844,94.545494224876165390
-130.975502383895218372,94.502318287268280983
-131.138021713006310165,94.459142350591719151
-131.300541041884571314,94.415966418571770191
-131.463060374779161066,94.372790492139756680
-131.634115771506913006,94.329678813926875591
-131.796718645084183663,94.275403737090528011
-131.959321523259859532,94.221128663048148155
-132.122007941012270749,94.155754435807466507
-132.276074761990457773,94.101415122859179974
-132.438677645230200142,94.047140059061348438
-132.592744470690377057,93.992800752632319927
-132.738358776434324682,93.927298041991889477
-132.892509144963696599,93.861859584227204323
-133.046659518382512033,93.796421129256486893
-133.200809892325196415,93.730982676148414612
-133.354960271157324314,93.665544226765632629
-133.509194191952701658,93.589006625115871429
-133.654892055201344192,93.512404777109622955
-133.809125982166733593,93.435867181979119778
-133.963359914487227798,93.359329588711261749
-134.109141326975077391,93.271628593094646931
-134.263458806090056896,93.183991851285099983
-134.409240227600093931,93.096290861256420612
-134.555021650332491845,93.008589874021708965
-134.700886621838435531,92.909789733588695526
-134.846751594974193722,92.810989595949649811
-134.983996964525431395,92.723224366083741188
-135.129861947090830654,92.624424234963953495
-135.267274411336984485,92.514460697770118713
-135.404603337461594492,92.415596318431198597
-135.533479745266959071,92.305568535812199116
-135.670892221096437424,92.195605007000267506
-135.799768638564273715,92.085577226243913174
-135.928645057603716850,91.975549450144171715
-136.057605025533121079,91.854422519914805889
-136.186481454409658909,91.744394748471677303
-136.306821819860488176,91.634302723221480846
-136.435781799547839910,91.513175800442695618
-136.556205718021374196,91.391984625719487667
-136.676629640394821763,91.270793451927602291
-136.797053568705450743,91.149602279998362064
-136.909024979395326227,91.017247702926397324
-137.029532459739129990,90.884957377798855305
-137.141503878287039697,90.752602803520858288
-137.253475300734862685,90.620248230174183846
-137.365446727024391294,90.487893658690154552
-137.477501704299356788,90.344439932145178318
-137.581020619138143957,90.200921953655779362
-137.693075604678597301,90.057468232698738575
-137.796594527433626354,89.913950256071984768
-137.900113454030361027,89.770432283170521259
-138.003632384527008981,89.626914310269057751
-138.098698799498379230,89.472232926636934280
-138.193765218253247440,89.317551547661423683
-138.297367708582896739,89.162934422492980957
-138.392517683620098978,88.997153888456523418
-138.487584114074707031,88.842472513206303120
-138.574281577486544847,88.665528569370508194
-138.660895496024750173,88.499683784320950508
-138.756129033747129142,88.322804098017513752
-138.834290440136101097,88.145795903168618679
-138.920987919205799699,87.968851965852081776
-138.999232882226351649,87.780744615942239761
-139.077477848972193897,87.592637267895042896
-139.155722819501534104,87.404529919847846031
-139.233967791602481157,87.216422574594616890
-139.303760249167680740,87.017151816748082638
-139.373552710283547640,86.817881060764193535
-139.443345172796398401,86.618610303848981857
-139.504601570079103112,86.419275293126702309
-139.574477591726463288,86.208905382081866264
-139.635817543487064540,85.998471215367317200
-139.697073948278557509,85.799136206507682800
-139.749961387191433460,85.577538627199828625
-139.802765276457648724,85.367040205746889114
-139.855652721133083105,85.145442631095647812
-139.908540166565217078,84.923845054581761360
-139.952891544322483242,84.702183221466839314
-139.997242924466263503,84.480521390214562416
-140.041677855595480651,84.247760402970016003
-140.077576715673785657,84.014935158193111420
-140.113475579943042248,83.782109915278851986
-140.149374444037675858,83.549284669570624828
-140.185356861096806824,83.305360271595418453
-140.212719656818080693,83.072470772080123425
-140.240166002884507179,82.828482116572558880
-140.259076275280676782,82.584429204463958740
-140.286522624141070992,82.340440548956394196
-140.305516452062875032,82.085288480855524540
-140.324426727835088968,81.841235569678246975
-140.343420555640477687,81.586083501577377319
-140.353961859073024243,81.319768021814525127
-140.372955688741058111,81.064615953713655472
-140.383496993454173207,80.798300474882125854
-140.393954747531097382,80.543084151111543179
-140.404496053233742714,80.276768671348690987
-140.406501281308010221,80.010388934984803200
-140.408506509324070066,79.744009197689592838
-140.419047815899830312,79.477693717926740646
-140.421136595192365348,79.200214826501905918
-140.423141823150217533,78.933835090138018131
-140.425230602209921926,78.656356198713183403
-140.427319381153210998,78.378877306357026100
-140.420872079732362181,78.101334159262478352
-140.422960858151782304,77.823855265974998474
-140.424966085352934897,77.557475531473755836
-140.418518782360479236,77.279932384379208088
-140.420607560197822750,77.002453492023050785
-140.414076704939361662,76.736009499989449978
-140.407545849040616304,76.469565507955849171
-140.409634625888429582,76.192086615599691868
-140.403103768883738667,75.925642625428736210
-140.396572911180555820,75.659198633395135403
-140.398578135995194316,75.392818897962570190
-140.400583360809832811,75.126439163461327553
-140.394052501535043120,74.859995171427726746
-140.395974174840375781,74.604714594781398773
-140.389443314517848194,74.338270603679120541
-140.391364987299311906,74.082990024238824844
-140.384750574943609536,73.827645188197493553
-140.378136159793939441,73.572300353087484837
-140.380141382629517466,73.305920620448887348
-140.373526970739476383,73.050575784407556057
-140.366912553785368800,72.795230949297547340
-140.368834224878810346,72.539950370788574219
-140.362136258219834417,72.295704691670835018
-140.363974377920385450,72.051523270085453987
-140.365812497504521161,71.807341847568750381
-140.359114529506769031,71.563096167519688606
-140.352416560810524970,71.318850488401949406
-140.354171128827147186,71.085768222808837891
-140.347473159141372889,70.841522544622421265
-140.349311277561355382,70.597341123037040234
-140.342529756075236946,70.364194599911570549
-140.344367874029558152,70.120013178326189518
-140.337586351612117141,69.886866655200719833
-140.339340918289963156,69.653784389607608318
-140.332559394941199571,69.420637866482138634
-140.325777871010359377,69.187491345219314098
-140.318996346497442573,68.954344823956489563
-140.312131268437951803,68.732297454960644245
-140.305349744856357574,68.499150932766497135
-140.298568216385319829,68.266004411503672600
-140.300239230273291469,68.044021301902830601
-140.293457703024614602,67.810874779708683491
-140.286676175193861127,67.577728258445858955
-140.279811096086632460,67.355680891312658787
-140.273029567033518106,67.122534370981156826
-140.266248037398327142,66.889387849718332291
-140.250930414069443941,66.656177069991827011
-140.244065332459285855,66.434129703789949417
-140.237283800728619099,66.200983183458447456
-140.230418715742416680,65.978935817256569862
-140.223637185059487820,65.745789295993745327
-140.216772098909132183,65.523741930723190308
-140.209907014388591051,65.301694565452635288
-140.203125479747541249,65.068548044189810753
-140.196260394062846899,64.846500678919255733
-140.189478858199436218,64.613354158587753773
-140.182613771408796310,64.391306791454553604
-140.175832234381232411,64.158160272054374218
-140.168967144214548171,63.936112907715141773
-140.162185608176514506,63.702966386452317238
-140.155404069402720779,63.469819867983460426
-140.148538977489806712,63.247772503644227982
-140.141673889360390604,63.025725137442350388
-140.134808796341530979,62.803677774034440517
-140.127943704894278198,62.581630408763885498
-140.121078612864948809,62.359583046287298203
-140.114213520311750472,62.137535681948065758
-140.098812328767962754,61.915424060076475143
-140.091947234817780554,61.693376696668565273
-140.085082138131838292,61.471329331398010254
-140.078217045171186328,61.249281968921422958
-140.071351949532981962,61.027234602719545364
-140.055950753681827337,60.805122982710599899
-140.049002104322426021,60.594174776226282120
-140.042137006705161184,60.372127413749694824
-140.035271908505819738,60.150080049410462379
-140.028406809782609344,59.928032685071229935
-140.021458160423208028,59.717084476724267006
-140.014593060594052076,59.495037114247679710
-140.007727960124611855,59.272989751771092415
-140.000862856977619231,59.050942388363182545
-139.993997757555916905,58.828895025886595249
-139.987132655456662178,58.606847662478685379
-139.988803655083756894,58.384864556603133678
-139.981938549899496138,58.162817193195223808
-139.975073446286842227,57.940769831649959087
-139.968208342150319368,57.718722469173371792
-139.961343237431719899,57.496675106696784496
-139.954478132131043822,57.274627745151519775
-139.947696576185990125,57.041481226682662964
-139.949367573834024370,56.819498119875788689
-139.942502467078156769,56.597450758330523968
-139.935720909561496228,56.364304241724312305
-139.928939351462759078,56.131157723255455494
-139.922157790628261864,55.898011206649243832
-139.915376233519054949,55.664864690974354744
-139.908594673615880311,55.431718174368143082
-139.893277005059644580,55.198507400229573250
-139.886578993406146765,54.954261728562414646
-139.879797431465703994,54.721115211024880409
-139.873099418589845300,54.476869539357721806
-139.866401405131909996,54.232623868621885777
-139.851167283777613193,53.988313940353691578
-139.844469268689863384,53.744068270549178123
-139.829235145240090787,53.499758341349661350
-139.822537128638941795,53.255512671545147896
-139.815839109243825078,53.011266999877989292
-139.800604982825461775,52.766957072541117668
-139.793990513600874692,52.511612245813012123
-139.778756385028827935,52.267302320338785648
-139.772141914232634008,52.011957493610680103
-139.756991332978941500,51.756548412144184113
-139.750376858341041952,51.501203584484755993
-139.735226277087349445,51.245794504880905151
-139.728611800877843052,50.990449679084122181
-139.721997326181735843,50.735104853287339211
-139.706846739631146193,50.479695771820843220
-139.700315812602639198,50.213251790963113308
-139.693701335636433214,49.957906967028975487
-139.678634295181836933,49.691398732364177704
-139.672019816527608782,49.436053906567394733
-139.656952773802913725,49.169545670971274376
-139.650421842758078128,48.903101691976189613
-139.643890908861067146,48.636657712981104851
-139.637276427238248289,48.381312886252999306
-139.630745494156144559,48.114868909120559692
-139.624214560317341238,47.848424929194152355
-139.617683625780045986,47.581980950199067593
-139.611236239725258201,47.304437816143035889
-139.604705303790979087,47.037993836216628551
-139.598174367158208042,46.771549858152866364
-139.583190861041657627,46.493942468427121639
-139.576743473939131945,46.216399336233735085
-139.570212534861639142,45.949955357238650322
-139.563765141996555030,45.672412224113941193
-139.557317750528454781,45.394869090989232063
-139.542334241094067693,45.117261704057455063
-139.535886847879737616,44.839718569070100784
-139.529439453908707947,44.562175437808036804
-139.522992059180978686,44.284632303752005100
-139.516628212644718587,43.995990017428994179
-139.501644695526920259,43.718382628634572029
-139.495280849281698465,43.429740342311561108
-139.480297329719178379,43.152132954448461533
-139.465397359745111316,42.863426412455737591
-139.459033508494030684,42.574784124270081520
-139.444133536017034203,42.286077583208680153
-139.437769682845100760,41.997435295954346657
-139.431489377631805837,41.697693854570388794
-139.416589399392250925,41.408987314440310001
-139.410225545754656196,41.120345026254653931
-139.403861689206678420,40.831702740862965584
-139.397581378347240388,40.531961301341652870
-139.391217520227655768,40.243319015949964523
-139.376401086978148669,39.943513317964971066
-139.370120775536634028,39.643771878443658352
-139.355220791068859398,39.355065337382256985
-139.348940477764699608,39.055323896929621696
-139.342660163645632565,38.755582458339631557
-139.327843724051490426,38.455776763148605824
-139.321479859529063106,38.167134478688240051
-139.315199540520552546,37.867393038235604763
-139.300299548718612641,37.578686499036848545
-139.294019230001140386,37.278945060446858406
-139.279119235696271062,36.990238519385457039
-139.264219239994417876,36.701531980186700821
-139.257855369825847447,36.412889697588980198
-139.242955371621064842,36.124183159321546555
-139.227971821615938097,35.846575774252414703
-139.221607948536984622,35.557933491654694080
-139.206707946432288736,35.269226953387260437
-139.183188266179058701,34.991555314511060715
-139.176824389840476215,34.702913032844662666
-139.161840833257883787,34.425305647775530815
-139.146857279585674405,34.147698266431689262
-139.131873720325529575,33.870090883225202560
-139.116890161822084337,33.592483500950038433
-139.110442732402589172,33.314940373413264751
-139.095459171512629837,33.037332993000745773
-139.080392061267048120,32.770824764855206013
-139.073944626899901778,32.493281637318432331
-139.058877514326013625,32.226773410104215145
-139.052430080424528569,31.949230284430086613
-139.037362965522333980,31.682722057215869427
-139.022295849397778511,31.416213831864297390
-139.015848412644118071,31.138670705258846283
-139.000781294133048505,30.872162479907274246
-138.994250307849142700,30.605718508362770081
-138.979183187067974359,30.339210283011198044
-138.972652196884155273,30.072766311466693878
-138.966121208271943033,29.806322339922189713
-138.959506671177223325,29.550977522507309914
-138.952892133384011686,29.295632709749042988
-138.954813730262685567,29.040352148935198784
-138.948199191421736032,28.785007332451641560
-138.933048516162671149,28.529598264023661613
-138.926433975750114769,28.274253446608781815
-138.919819434697274119,28.018908631987869740
-138.913121345336548984,27.774662973359227180
-138.914959392335731536,27.530481567606329918
-138.908261299831792712,27.286235908977687359
-138.901563211053144187,27.041990247555077076
-138.903401257237419486,26.797808840870857239
-138.896703163103666157,26.553563182242214680
-138.898541208822280169,26.309381777420639992
-138.891759568359702826,26.076235272921621799
-138.893597613670863211,25.832053868100047112
-138.886815972276963294,25.598907364532351494
-138.888654017122462392,25.354725957848131657
-138.890408514416776597,25.121643709950149059
-138.883626871684100479,24.888497205451130867
-138.876928775862324983,24.644251545891165733
-138.878683272399939597,24.411169297061860561
-138.871901628095656633,24.178022792562842369
-138.865119983267504722,23.944876288063824177
-138.866874479048419744,23.711794040165841579
-138.860009285795968026,23.489746689796447754
-138.853227639454416931,23.256600186228752136
-138.846445992472581565,23.023453682661056519
-138.848116939770989120,22.801470587961375713
-138.841335289704147726,22.568324085325002670
-138.843006236595101655,22.346340991556644440
-138.836224589962512255,22.113194487988948822
-138.829359391063917428,21.891147140413522720
-138.822494193736929446,21.669099791906774044
-138.815628995827864856,21.447052443400025368
-138.808847344655077904,21.213905940763652325
-138.793446001363918185,20.991794337518513203
-138.786580801475793123,20.769746989943087101
-138.771179456263780594,20.547635388560593128
-138.764314255036879331,20.325588039122521877
-138.757449051074218005,20.103540691547095776
-138.742047703126445413,19.881429089233279228
-138.743718645768240094,19.659445998258888721
-138.736769895127508789,19.448497804813086987
-138.721368544793222100,19.226386202499270439
-138.714503339957445860,19.004338855855166912
-138.707554587395861745,18.793390663340687752
-138.692153234442230314,18.571279061026871204
-138.685204480600077659,18.360330869443714619
-138.686791873711626977,18.149446929804980755
-138.679843119054567069,17.938498739153146744
-138.672894361661747098,17.727550545707345009
-138.665945608110632747,17.516602355055510998
-138.658996849670074880,17.305654162541031837
-138.651964545948430896,17.105805126018822193
-138.645015788613818586,16.894856933504343033
-138.638067030755337328,16.683908741921186447
-138.639654421713203192,16.473024804145097733
-138.632705663039814681,16.262076612561941147
-138.634293053590226918,16.051192675717175007
-138.627344294043723494,15.840244484134018421
-138.628931684303097427,15.629360546357929707
-138.621982923941686749,15.418412356637418270
-138.615034162998199463,15.207464163191616535
-138.608001854736357927,15.007615126669406891
-138.601053092803340405,14.796666936948895454
-138.594020781340077519,14.596817900426685810
-138.587072020513005555,14.385869710706174374
-138.580039708002004772,14.186020673252642155
-138.573090943973511457,13.975072481669485569
-138.557522480259649456,13.775159192271530628
-138.559109867492225021,13.564275255426764488
-138.552077555097639561,13.364426219835877419
-138.545045242295600474,13.164577184244990349
-138.538096475531347096,12.953628993593156338
-138.531064159469678998,12.753779957070946693
-138.524031847307924181,12.553930921480059624
-138.508546922821551561,12.342918477952480316
-138.501514607167337090,12.143069443292915821
-138.494565837609115988,11.932121252641081810
-138.487617067468818277,11.721173062920570374
-138.472132141876500100,11.510160618461668491
-138.465266916959080845,11.288113273680210114
-138.458401691459584981,11.066065929830074310
-138.443000307539477944,10.843954332172870636
-138.427682473324239254,10.610743579454720020
-138.420900789846200496,10.377597081474959850
-138.405582951498217881,10.144386329688131809
-138.398801268718671054,9.911239830777049065
-138.383399882004596293,9.689128232188522816
-138.376618197769857943,9.455981736071407795
-138.369752966682426631,9.233934392221271992
-138.362971281283535063,9.000787895172834396
-138.347653437289409339,8.767577143386006355
-138.340788204164709896,8.545529799535870552
-138.333922968304250389,8.323482456617057323
-138.318605121516156942,8.090271705761551857
-138.311739886412397027,7.868224361911416054
-138.304874650784768164,7.646177019923925400
-138.289389708894304931,7.435164577327668667
-138.282524471927899867,7.213117235340178013
-138.275659234321210533,6.991069892421364784
-138.268793993978761137,6.769022550433874130
-138.261845211382023990,6.558074363507330418
-138.246443809184711426,6.335962765850126743
-138.239578569075092673,6.113915424793958664
-138.232629782403819263,5.902967237867414951
-138.234217156656086445,5.692083303816616535
-138.227268369169905782,5.481135115027427673
-138.220319581101648510,5.270186928100883961
-138.213370792509522289,5.059238741174340248
-138.214958165830466896,4.848354806192219257
-138.208009376365225762,4.637406619265675545
-138.200977040512952954,4.437557587400078773
-138.194028250058181584,4.226609400473535061
-138.186995910946279764,4.026760367676615715
-138.188499737065285444,3.826975588686764240
-138.181467401562258601,3.627126555889844894
-138.174435063323471695,3.427277524024248123
-138.175938888860400766,3.227492745034396648
-138.168823001848068088,3.038742867298424244
-138.161707116523757577,2.849992990493774414
-138.154591230733785778,2.661243112757802010
-138.156011509534437209,2.472557487897574902
-138.148979168850928545,2.272708455100655556
-138.133327116316650063,2.083894325420260429
-138.126211228605825454,1.895144448615610600
-138.119095340487547219,1.706394569948315620
-138.103526829276233912,1.506481285206973553
-138.096410942089278251,1.317731406539678574
-138.080758883501403034,1.128917276859283447
-138.073642992996610701,0.940167400985956192
-138.057990935049019754,0.751353269442915916
-138.042255330597981811,0.573638293892145157
-138.026603270904161036,0.384824164211750031
-138.010951208067126572,0.196010031737387180
-137.995299148722551763,0.007195902056992054
-137.979563538683578372,-0.170519072562456131
-137.963911475380882621,-0.359333204105496407
-137.939639697317034006,-0.537112431600689888
-137.923987632035277784,-0.725926561281085014
-137.899715851701330394,-0.903705791570246220
-137.875444067933131009,-1.081485019996762276
-137.851172285096254200,-1.259264246560633183
-137.818280784122180194,-1.426008574664592743
-137.793925453501287848,-1.592688648961484432
-137.778106291487347335,-1.759304467588663101
-137.745214788708835840,-1.926048795692622662
-137.712406829406972975,-2.103892275132238865
-137.670979150978382677,-2.270700855180621147
-137.629467927850782871,-2.426410279236733913
-137.596576416457537562,-2.593154606409370899
-137.563601360772736371,-2.748799777589738369
-137.530626303749158978,-2.904444948770105839
-137.480662445246707648,-3.071317778900265694
-137.439067668863572180,-3.215928048826754093
-137.397556433221325278,-3.371637470088899136
-137.347509026236366481,-3.527411147020757198
-137.305997786868829280,-3.683120570145547390
-137.247414203593507409,-3.838958496227860451
-137.188747071486432105,-3.983697269111871719
-137.138699655886739492,-4.139470944181084633
-137.097188408602960408,-4.295180365443229675
-137.047140988928731531,-4.450954037718474865
-136.971485045971348882,-4.606920467689633369
-136.895745556044857949,-4.751787741668522358
-136.828542238683439791,-4.896590763702988625
-136.761338916490785778,-5.041393782943487167
-136.694219135213643312,-5.197295958176255226
-136.627099353296216577,-5.353198133409023285
-136.551359849050641060,-5.498065402731299400
-136.467084167816210538,-5.642996923066675663
-136.391344657575245947,-5.787864192388951778
-136.315688687318470329,-5.943830614909529686
-136.231412998575251549,-6.088762135244905949
-136.155673479253891855,-6.233629399910569191
-136.062778064515441656,-6.367526014335453510
-135.969966188888065517,-6.512521781958639622
-135.877070767397526652,-6.646418392658233643
-135.784175342589151114,-6.780315002426505089
-135.682743738987483084,-6.914275862276554108
-135.581312131660524756,-7.048236720263957977
-135.479880520841106772,-7.182197578251361847
-135.378448906296398491,-7.316158432513475418
-135.268481112085282803,-7.450183537788689137
-135.158429772767703980,-7.573109483346343040
-135.048461970873177052,-7.707134585827589035
-134.938327083364129066,-7.818961377255618572
-134.819739554484840482,-7.941951571963727474
-134.701152023859322071,-8.064941762015223503
-134.582480949116870761,-8.176832797005772591
-134.463809870823752135,-8.288723830133676529
-134.336519069736823440,-8.389579957351088524
-134.217847986670676619,-8.501470984891057014
-134.082021001318935305,-8.602391357533633709
-133.954730192141141742,-8.703247478231787682
-133.818903201899956912,-8.804167842492461205
-133.691612383641768247,-8.905023959465324879
-133.555701847537420690,-8.994845165871083736
-133.419791306019760668,-9.084666371345520020
-133.275344585475977510,-9.174551821313798428
-133.139434039709158242,-9.264373021200299263
-132.994903772312682122,-9.343159313313663006
-132.850373504101298749,-9.421945600770413876
-132.705843230825848877,-9.500731887295842171
-132.561312956735491753,-9.579518169164657593
-132.416699142544530332,-9.647205295972526073
-132.272085323638748378,-9.714892418123781681
-132.127471504383720458,-9.782579537481069565
-131.982774143980350345,-9.839167501777410507
-131.829540604725480080,-9.895819708704948425
-131.684843240014743060,-9.952407665550708771
-131.540145875304006040,-10.008995619602501392
-131.386828791699372232,-10.054548664018511772
-131.233511708502192050,-10.100101704709231853
-131.080194621346890926,-10.145654741674661636
-130.918257818324491382,-10.180172868072986603
-130.764940729888621718,-10.225725897587835789
-130.603003925993107259,-10.260244018398225307
-130.449686832085717469,-10.305797041393816471
-130.287666491116397083,-10.329216000624001026
-130.125729680876247585,-10.363734107464551926
-129.972245515091344714,-10.387088816612958908
-129.810225171153433621,-10.410507764667272568
-129.656741003564093262,-10.433862463571131229
-129.494720657763537019,-10.457281405106186867
-129.332700308877974749,-10.480700342915952206
-129.170679959061089903,-10.504119276069104671
-129.008576078398618847,-10.516439053229987621
-128.846555726893711835,-10.539857981726527214
-128.684451845067087561,-10.552177750505506992
-128.522431491990573704,-10.575596670620143414
-128.360327606787905097,-10.587916433811187744
-128.198223723273258656,-10.600236193276941776
-128.036119837139267474,-10.612555949948728085
-127.874015950597822666,-10.624875701963901520
-127.711912065686192364,-10.637195451185107231
-127.541271998547017574,-10.649579436518251896
-127.379168112704064697,-10.661899179220199585
-127.208444515126757324,-10.663184003904461861
-127.046340626431629062,-10.675503740087151527
-126.875700557604432106,-10.687887712381780148
-126.705060490465257317,-10.700271680019795895
-126.534336892131250352,-10.701556489802896976
-126.363613293855451047,-10.702841296792030334
-126.192973225726746023,-10.715225254185497761
-126.013713447493501008,-10.716574292629957199
-125.843073376454412937,-10.728958240710198879
-125.672349779924843460,-10.730243031866848469
-125.501626181183382869,-10.731527818366885185
-125.322366402717307210,-10.732876841910183430
-125.151726332725957036,-10.745260775089263916
-124.981002733751665801,-10.746545550413429737
-124.810279134835582227,-10.747830322012305260
-124.639472012349870056,-10.738015935756266117
-124.468748413666617125,-10.739300699904561043
-124.298024815041571856,-10.740585460327565670
-124.127301218570210040,-10.741870216093957424
-123.947957915486767888,-10.732120052911341190
-123.777150792651809752,-10.722305647097527981
-123.606427194550633430,-10.723590391688048840
-123.435703598661348224,-10.724875132553279400
-123.256443820893764496,-10.726224105805158615
-123.085636699339374900,-10.716409686021506786
-122.914913103682920337,-10.717694414779543877
-122.735569803277030587,-10.707944221794605255
-122.564762683061417192,-10.698129788041114807
-122.394039085775148124,-10.699414505623281002
-122.214779308880679309,-10.700763454660773277
-122.043972191866487265,-10.690949010662734509
-121.864712415263056755,-10.692297951318323612
-121.693905296851880848,-10.682483499869704247
-121.514645522693172097,-10.683832433074712753
-121.343838405096903443,-10.674017972312867641
-121.173031287966296077,-10.664203508757054806
-120.993771514389663935,-10.665552429854869843
-120.822964398015756160,-10.655737957917153835
-120.652157282223924994,-10.645923481322824955
-120.472897507017478347,-10.647272389382123947
-120.302090394136030227,-10.637457905337214470
-120.122830619220621884,-10.638806805945932865
-119.952023505000397563,-10.628992316313087940
-119.781299909926019609,-10.630276975221931934
-119.601956619066186249,-10.620526706799864769
-119.422696844732854515,-10.621875590644776821
-119.251889732084237039,-10.612061083316802979
-119.072546442563179880,-10.602310805581510067
-118.893286668811924756,-10.603659675456583500
-118.722479557443875819,-10.593845156021416187
-118.543219783925451338,-10.595194019377231598
-118.363876493880525231,-10.585443722084164619
-118.184616722865030169,-10.586792576126754284
-118.013809613068588078,-10.576978042721748352
-117.834466324362438172,-10.567227735184133053
-117.655206551717128605,-10.568576576188206673
-117.484399445413146168,-10.558762030676007271
-117.305056157987564802,-10.549011710099875927
-117.134249050577636808,-10.539197155274450779
-116.954989280959125608,-10.540545979514718056
-116.784098659991286695,-10.519632264040410519
-116.604838888742960989,-10.520981081761419773
-116.434031785291153938,-10.511166512034833431
-116.254688500834163278,-10.501416166312992573
-116.075345216901041567,-10.491665816865861416
-115.904538112808950245,-10.481851234100759029
-115.725194829923566431,-10.472100875340402126
-115.554387729091104120,-10.462286286987364292
-115.383580626570619643,-10.452471692115068436
-115.212773524515796453,-10.442657095380127430
-115.033430245937779546,-10.432906720787286758
-114.862623144930694252,-10.423092114739120007
-114.691816044447477907,-10.413277504965662956
-114.512472767441067845,-10.403527119196951389
-114.341749178711324930,-10.404811656102538109
-114.162405900307931006,-10.395061262883245945
-113.991598801687359810,-10.385246638208627701
-113.820791705686133355,-10.375432007946074009
-113.641448428912553936,-10.365681601688265800
-113.470641331805381924,-10.355866964906454086
-113.291381565213669091,-10.357215703465044498
-113.120574468921404332,-10.347401059232652187
-112.941231196164153516,-10.337650636211037636
-112.770424100861418992,-10.327835984528064728
-112.599617006082553416,-10.318021328188478947
-112.420273734838701785,-10.308270892128348351
-112.249550148786511272,-10.309555381536483765
-112.070206876203883439,-10.299804938025772572
-111.899399785441346467,-10.289990265853703022
-111.728592692990787327,-10.280175590887665749
-111.549332928669173270,-10.281524289399385452
-111.378525836975313723,-10.271709605120122433
-111.199182566837407649,-10.261959140188992023
-111.028375478344969451,-10.252144449390470982
-110.857651893864385784,-10.253428908064961433
-110.678308625007048249,-10.243678431957960129
-110.507501537795178592,-10.233863727189600468
-110.336694449011702091,-10.224049021489918232
-110.140362328442279249,-10.225526130758225918
-109.986627600446809083,-10.215582971461117268
-109.815820512943901122,-10.205768254585564137
-109.645096929743885994,-10.207052685320377350
-109.465753666241653264,-10.197302179411053658
-109.294946580019313842,-10.187487449496984482
-109.098614460672251880,-10.188964532688260078
-108.927807375206612051,-10.179149792529642582
-108.774072650237940252,-10.169206609949469566
-108.594729386910330504,-10.159456083551049232
-108.424005805107299238,-10.160740488208830357
-108.244662542594596744,-10.150989953428506851
-108.048246922902762890,-10.141367855481803417
-107.894595701480284333,-10.142523808404803276
-107.715335941407829523,-10.143872415646910667
-107.527456501673441380,-10.134186084382236004
-107.348113241314422339,-10.124435529112815857
-107.177389662712812424,-10.125719904899597168
-106.998046403168700635,-10.115969343110918999
-106.827239325153641403,-10.106154557317495346
-106.656515744980424643,-10.107438920997083187
-106.485708665510173887,-10.097624128684401512
-106.306365407770499587,-10.087873549200594425
-106.135558331501670182,-10.078058747574687004
-105.956298573350068182,-10.079407314769923687
-105.785491495742462575,-10.069592503830790520
-105.606148239865433425,-10.059841910377144814
-105.435341163305565715,-10.050027091987431049
-105.255997910629957914,-10.040276488289237022
-105.076654656382743269,-10.030525879003107548
-104.897311402659397572,-10.020775265991687775
-104.709515467518940568,-10.022188019007444382
-104.530172216764185578,-10.012437397614121437
-104.350828964437823743,-10.002686772495508194
-104.162949534016661346,-9.993000357411801815
-103.983606282679829746,-9.983249724842607975
-103.795726853364612907,-9.973563301376998425
-103.616383603191934526,-9.963812658563256264
-103.428587671951390803,-9.965225379914045334
-103.249244422535412014,-9.955474727787077427
-103.061364995199255645,-9.945788286626338959
-102.873485568328760564,-9.936101840808987617
-102.694142320600803941,-9.926351175643503666
-102.506262897048145533,-9.916664720512926579
-102.318383471865672618,-9.906978260725736618
-102.130504047265276313,-9.897291796281933784
-101.925552266300655901,-9.887733753770589828
-101.737756335234735161,-9.889146433211863041
-101.549876912031322718,-9.879459954798221588
-101.361997489468194544,-9.869773469865322113
-101.174118067428935319,-9.860086982138454914
-100.986238648125436157,-9.850400489754974842
-100.798442718223668635,-9.851813145913183689
-100.610563297581393272,-9.842126644216477871
-100.422683877521194518,-9.832440136931836605
-100.226268279657233506,-9.822817835956811905
-100.038388860761187971,-9.813131320290267467
-99.850592931965366006,-9.814543953165411949
-99.662713513942435384,-9.804857428185641766
-99.466297918057534844,-9.795235109515488148
-99.278418503352440894,-9.785548574291169643
-99.090539086959324777,-9.775862036272883415
-98.894123492820654064,-9.766239699907600880
-98.706327565596438944,-9.767652304843068123
-98.509911972330883145,-9.758029961027204990
-98.322032557975035161,-9.748343401588499546
-98.125616965873632580,-9.738721047528088093
-97.929201374412514269,-9.729098688811063766
-97.732785785687156022,-9.719476321712136269
-97.544989857706241310,-9.720888898707926273
-97.348574269853997976,-9.711266524158418179
-97.152158680430147797,-9.701644145883619785
-96.955743091588374227,-9.692021759226918221
-96.733718968753237277,-9.682591991499066353
-96.537303381133824587,-9.672969596460461617
-96.340887794096488506,-9.663347196765244007
-96.144472207641229033,-9.653724789619445801
-95.948056621768046170,-9.644102379679679871
-95.751641036535147578,-9.634479963220655918
-95.546689273731317371,-9.624921748414635658
-95.350273689662571996,-9.615299322642385960
-95.145321928081102669,-9.605741095729172230
-94.948906345176510513,-9.596118659712374210
-94.743954584817402065,-9.586560424417257309
-94.539086306991521269,-9.588101335801184177
-94.334051065961830318,-9.567443933337926865
-94.137635485501959920,-9.557821474969387054
-93.932683727587573230,-9.548263218253850937
-93.719195792276877910,-9.538769156672060490
-93.514244035584852099,-9.529210886918008327
-93.309292279533110559,-9.519652611576020718
-93.104424003860913217,-9.521193484775722027
-92.899472248798701912,-9.511635198257863522
-92.694520492106676102,-9.502076906152069569
-92.489568738208618015,-9.492518608458340168
-92.284616984950844198,-9.482960306107997894
-92.079665232275146991,-9.473401998169720173
-91.866260782466270030,-9.475007039494812489
-91.661309030780103058,-9.465448719449341297
-91.447821099602151662,-9.455954595468938351
-91.234333171276375651,-9.446460464969277382
-91.003772887866944075,-9.437094731256365776
-90.790368437243159860,-9.438699741847813129
-90.576880510547198355,-9.429205592721700668
-90.363476058118976653,-9.430810593068599701
-90.149988134566228837,-9.421316431835293770
-89.936500207288190722,-9.411822265014052391
-89.723012282862327993,-9.402328092604875565
-89.509607833577319980,-9.403933067806065083
-89.296119910140987486,-9.394438882358372211
-89.074095809541177005,-9.385008891113102436
-88.860607887385413051,-9.375514695420861244
-88.638583788066171110,-9.366084690205752850
-88.425179338024463505,-9.367689636535942554
-88.203071767115034163,-9.347160463221371174
-87.981047669833060354,-9.337730439379811287
-87.767643222876358777,-9.339335367083549500
-87.545535654935520142,-9.318806177005171776
-87.323511557478923351,-9.309376133605837822
-87.101487465028185397,-9.299946083687245846
-86.879463368910364807,-9.290516027249395847
-86.657439275644719601,-9.281085965223610401
-86.435415183019358665,-9.271655894815921783
-86.213391088880598545,-9.262225820682942867
-85.991366997594013810,-9.252795739099383354
-85.760806729434989393,-9.243429844267666340
-85.538782639487180859,-9.233999749645590782
-85.308222372666932642,-9.224633841775357723
-85.077662104391492903,-9.215267928317189217
-84.847101838968228549,-9.205902008339762688
-84.625077751756180078,-9.196471885778009892
-84.394517485518008471,-9.187105950899422169
-84.138348689768463373,-9.177932585589587688
-83.907788427139166743,-9.168566636741161346
-83.685764340509194881,-9.159136487171053886
-83.455204079276882112,-9.149770525284111500
-83.224643818743061274,-9.140404554083943367
-82.994083558907732368,-9.131038576364517212
-82.763523297500796616,-9.121672592125833035
-82.532963039062451571,-9.112306600436568260
-82.302402781322598457,-9.102940602228045464
-82.063306344731245190,-9.093638787977397442
-81.832746088388375938,-9.084272775799036026
-81.593649655347689986,-9.074970944784581661
-81.363172863028012216,-9.076704071834683418
-81.124076428939588368,-9.067402228713035583
-80.893516175099648535,-9.058036186732351780
-80.654419742408208549,-9.048734327778220177
-80.415323312627151608,-9.039432461373507977
-80.176226883602794260,-9.030130587518215179
-79.937213913712184876,-9.031927860341966152
-79.698117485735565424,-9.022625970654189587
-79.459021058515645564,-9.013324073515832424
-79.228460807004012167,-9.003957982175052166
-78.989364381239283830,-8.994656071998178959
-78.750351415015757084,-8.996453306637704372
-78.511254988086875528,-8.987151380628347397
-78.272158564126584679,-8.977849447168409824
-78.033062140864785761,-8.968547504395246506
-77.785429538984317333,-8.959309741854667664
-77.546333117177709937,-8.950007784180343151
-77.298783973557874560,-8.951869159005582333
-77.059687552799005061,-8.942567187361419201
-76.812054953537881374,-8.933329392224550247
-76.547350002976600081,-8.924219960346817970
-76.299717405228875577,-8.914982147514820099
-76.060704442439600825,-8.916779298335313797
-75.813071845797821879,-8.907541470602154732
-75.565439252066425979,-8.898303634487092495
-75.317806659149937332,-8.889065791852772236
-75.070174064720049500,-8.879827941767871380
-74.822624926397111267,-8.881689235568046570
-74.574992335343267769,-8.872451367788016796
-74.327359742834232748,-8.863213490694761276
-74.079727151081897318,-8.853975608944892883
-73.823558385309297591,-8.844801898114383221
-73.575925797224044800,-8.835563996806740761
-73.319757030752953142,-8.826390269212424755
-73.063671717827674001,-8.828315687365829945
-72.807502952578943223,-8.819141943007707596
-72.559870364959351718,-8.809904011897742748
-72.303701603435911238,-8.800730248913168907
-72.047616289521101862,-8.802655632607638836
-71.782911352231167257,-8.793546032160520554
-71.526742590474896133,-8.784372244961559772
-71.262037654756568372,-8.775262628681957722
-71.005868894571904093,-8.766088823787868023
-70.741247405472677201,-8.768078341148793697
-70.485078648605849594,-8.758904517628252506
-70.220373715739697218,-8.749794864095747471
-69.964204958232585341,-8.740621022880077362
-69.699500024784356356,-8.731511351652443409
-69.443331271060742438,-8.722337492741644382
-69.178626339125912637,-8.713227803818881512
-68.922457584820222110,-8.704053929075598717
-68.657836100785061717,-8.706043373793363571
-68.393131170887500048,-8.696933655999600887
-68.136962420714553446,-8.687759753316640854
-67.872257492446806282,-8.678650017827749252
-67.607552567089442164,-8.669540273956954479
-67.342847640393301845,-8.660430520772933960
-67.052450742688961327,-8.640414123423397541
-66.787745820183772594,-8.631304348818957806
-66.523040896281599998,-8.622194568626582623
-66.258335973252542317,-8.613084775395691395
-65.993631053133867681,-8.603974975645542145
-65.720389955036807805,-8.594929338432848454
-65.455685034394264221,-8.585819517262279987
-65.190980116720311344,-8.576709688641130924
-64.917739021126180887,-8.567664022557437420
-64.653034102870151401,-8.558554173447191715
-64.388412623375188559,-8.560543470084667206
-64.115171532030217350,-8.551497775129973888
-63.850466615811455995,-8.542387899942696095
-63.577225526038091630,-8.533342185430228710
-63.303984434984158725,-8.524296459741890430
-63.039279521210119128,-8.515186556614935398
-62.757502255321014673,-8.506204981356859207
-62.484261168865486979,-8.497159227728843689
-62.211020081129390746,-8.488113463856279850
-61.937862428487278521,-8.490166844800114632
-61.664621344185434282,-8.481121060438454151
-61.382760648557450622,-8.461040279828011990
-61.109602997254114598,-8.463093630969524384
-60.836361913243308663,-8.454047816805541515
-60.563120832201093435,-8.445001995190978050
-60.281343573529738933,-8.436020327731966972
-60.008102491963654757,-8.426974485628306866
-59.743397589831147343,-8.417864467017352581
-59.470156509953085333,-8.408818603493273258
-59.196915430948138237,-8.399772731587290764
-58.923674354853574187,-8.390726850368082523
-58.650349847972393036,-8.370581805706024170
-58.385644948051776737,-8.361471738666296005
-58.120940051157958806,-8.352361663244664669
-57.847698976576793939,-8.343315743841230869
-57.583077507093548775,-8.345304803922772408
-57.318372610025107861,-8.336194700561463833
-57.053667715925257653,-8.327084589749574661
-56.788962820486631244,-8.317974468693137169
-56.524257927958387882,-8.308864338323473930
-56.233944505627732724,-8.299946683458983898
-55.977775790903251618,-8.290772372856736183
-55.713070898666046560,-8.281662215478718281
-55.448366007243748754,-8.272552048787474632
-55.192197292693890631,-8.263377709314227104
-54.927492405055090785,-8.254267524927854538
-54.671240270487032831,-8.233994014561176300
-54.415071558672934771,-8.224819651804864407
-54.158986272814217955,-8.226744433864951134
-53.902817562164273113,-8.217570054344832897
-53.655185028328560293,-8.208331506699323654
-53.399016321403905749,-8.199157108552753925
-53.151300367491785437,-8.178819390013813972
-52.903667838487308472,-8.169580818153917789
-52.656035307969432324,-8.160342238843441010
-52.408402780420146883,-8.151103650219738483
-52.169306427356787026,-8.141800896264612675
-51.921673901320900768,-8.132562290877103806
-51.682577551866415888,-8.123259522952139378
-51.443481203168630600,-8.113956745713949203
-51.204384853015653789,-8.104653962887823582
-50.965288505773060024,-8.095351171679794788
-50.726192159228958189,-8.086048373952507973
-50.487095811229664832,-8.076745565049350262
-50.256535641965456307,-8.067378598265349865
-50.025975473399739712,-8.058011621236801147
-49.786879127554129809,-8.048708793707191944
-49.556235544092487544,-8.028242649510502815
-49.325675375759601593,-8.018875652924180031
-49.095115210337098688,-8.009508647955954075
-48.864555045554880053,-8.000141637399792671
-48.633994879317469895,-7.990774621255695820
-48.394898542435839772,-7.981471749022603035
-48.164338377595413476,-7.972104717977344990
-47.933778215665370226,-7.962737676687538624
-47.711754227872006595,-7.953306480310857296
-47.481194067280739546,-7.943939425982534885
-47.250633907387964427,-7.934572367928922176
-47.020073748193681240,-7.925205300562083721
-46.798049765289761126,-7.915774076245725155
-46.567573017207905650,-7.917506149038672447
-46.345549035351723433,-7.908074911683797836
-46.123525054194033146,-7.898643666878342628
-45.901501073676627129,-7.889212416484951973
-45.653868564986623824,-7.879973609931766987
-45.440464171639177948,-7.881577349267899990
-45.218440192809794098,-7.872146077454090118
-44.996416214678902179,-7.862714800983667374
-44.774392237188294530,-7.853283517062664032
-44.560904433717951179,-7.843788078054785728
-44.347416635195259005,-7.834292633458971977
-44.125476065906696022,-7.835960485041141510
-43.911988266219850630,-7.826465029269456863
-43.698500467173289508,-7.816969565115869045
-43.485012668767012656,-7.807474096305668354
-43.271524871001020074,-7.797978620976209641
-43.066573249350767583,-7.788418994285166264
-42.853168859379366040,-7.790022660978138447
-42.639681061031296849,-7.780527167953550816
-42.426193265535403043,-7.771031672134995461
-42.212705470679793507,-7.761536166071891785
-41.999301081697922200,-7.763139809481799603
-41.785813287773635238,-7.753644293174147606
-41.572325494547840208,-7.744148771278560162
-41.367457281565293670,-7.745688252151012421
-41.153969489329028875,-7.736192717216908932
-40.949017870821990073,-7.726633032783865929
-40.744149658537935466,-7.728172496892511845
-40.530661870026960969,-7.718676946125924587
-40.325793658033944666,-7.720216398127377033
-40.120842043601442128,-7.710656690411269665
-39.924510005163028836,-7.712131989188492298
-39.719558391603641212,-7.702572271227836609
-39.514690180309116840,-7.704111701808869839
-39.318274745135568082,-7.694487829692661762
-39.113323133205994964,-7.684928097762167454
-38.916991097794380039,-7.686403369531035423
-38.712039486737921834,-7.676843622699379921
-38.515707449521869421,-7.678318884223699570
-38.319292016793042421,-7.668694987893104553
-38.122876582434400916,-7.659071085043251514
-37.926544548012316227,-7.660546332597732544
-37.730129114584997296,-7.650922420434653759
-37.533713681739754975,-7.641298504546284676
-37.345834424602799118,-7.631610441021621227
-37.149502391112037003,-7.633085669018328190
-36.961623134906403720,-7.623397594317793846
-36.773743879282847047,-7.613709517754614353
-36.585864626336842775,-7.604021436534821987
-36.398068768903613091,-7.605432503856718540
-36.210189514618832618,-7.595744414255023003
-36.022310260916128755,-7.586056318134069443
-35.834514404123183340,-7.587467371486127377
-35.646635151293594390,-7.577779266983270645
-35.450219723919872195,-7.568155295215547085
-35.262423867709003389,-7.569566335529088974
-35.083080791344400495,-7.559814078733325005
-34.895201542647555470,-7.550125956535339355
-34.715941862086765468,-7.551472845487296581
-34.536598787119146436,-7.541720575653016567
-34.357255714829079807,-7.531968302093446255
-34.177996034850366414,-7.533315177075564861
-34.007189136231318116,-7.523498758673667908
-33.827929456485435367,-7.524845626205205917
-33.657122560776770115,-7.515029198490083218
-33.477862881380133331,-7.516376057639718056
-33.307055984332691878,-7.506559623405337334
-33.127796305110678077,-7.507906474173069000
-32.956989408878143877,-7.498090032488107681
-32.786265907168854028,-7.499372740276157856
-32.615459011693019420,-7.489556290209293365
-32.436199335264973342,-7.490903125144541264
-32.265392440545838326,-7.481086666695773602
-32.094668937206733972,-7.482369358651340008
-31.923862045456189662,-7.472552893683314323
-31.753055152017623186,-7.462736423127353191
-31.573795474309008569,-7.464083238504827023
-31.402988581685349345,-7.454266760498285294
-31.232265081314835697,-7.455549433827400208
-31.061458189447876066,-7.445732949301600456
-30.890651298104785383,-7.435916461050510406
-30.711391623364761472,-7.437263254076242447
-30.540584732836578041,-7.427446758374571800
-30.361241667880676687,-7.417694391682744026
-30.190518166462425143,-7.418977040797472000
-30.019711279310286045,-7.409160532057285309
-29.840368215751368552,-7.399408150464296341
-29.661108539963606745,-7.400754921138286591
-29.490301651996560395,-7.390938400290906429
-29.310958591930102557,-7.381186007522046566
-29.140235091559588909,-7.382468633353710175
-28.969428204873111099,-7.372652102261781693
-28.790085146087221801,-7.362899697385728359
-28.619361646240577102,-7.364182312041521072
-28.448554760892875493,-7.354365767911076546
-28.269211701292078942,-7.344613349996507168
-28.098404819087591022,-7.334796799346804619
-27.919145145278889686,-7.336143528111279011
-27.748338261735625565,-7.326326969079673290
-27.577531378716230392,-7.316510406322777271
-27.398188321501947939,-7.306757968850433826
-27.227464825380593538,-7.308040551841259003
-27.048121768981218338,-7.298288105055689812
-26.877314889919944108,-7.288471525534987450
-26.706508009170647711,-7.278654943220317364
-26.527248337049968541,-7.280001639388501644
-26.356441459269262850,-7.270185049623250961
-26.185634579858742654,-7.260368454270064831
-26.006291526369750500,-7.250615986064076424
-25.835568029666319489,-7.251898537389934063
-25.647688802331686020,-7.242210184223949909
-25.468345752335153520,-7.232457701116800308
-25.297622256213799119,-7.233740241266787052
-25.118279204820282757,-7.223987750709056854
-24.947555711143650115,-7.225270282477140427
-24.776748835109174252,-7.215453656390309334
-24.597405785054434091,-7.205701151862740517
-24.426682289689779282,-7.206983672454953194
-24.255875417147763073,-7.197167035192251205
-24.076615747588220984,-7.198513673618435860
-23.905892252514604479,-7.199796181172132492
-23.726549204322509468,-7.190043657086789608
-23.555825709539931267,-7.191326157189905643
-23.376482664316426963,-7.181573624722659588
-23.205759169824887067,-7.182856117375195026
-23.026416125416290015,-7.173103576526045799
-22.847156456671655178,-7.174450186081230640
-22.676349585410207510,-7.164633513428270817
-22.497006540128495544,-7.154880960471928120
-22.326283046393655241,-7.156163433566689491
-22.146940004138741642,-7.146410872228443623
-21.976216510694939643,-7.147693336941301823
-21.796873467043042183,-7.137940767221152782
-21.617613801616244018,-7.139287346974015236
-21.438270758779253811,-7.129534770734608173
-21.258927716466132551,-7.119782187975943089
-21.079668049467727542,-7.121128755621612072
-20.908861184492707253,-7.111312042921781540
-20.729601517785340548,-7.112658602185547352
-20.550341851077973843,-7.114005156792700291
-20.370998810627497733,-7.104252552613615990
-20.191739144211169332,-7.105599098838865757
-20.012479479948524386,-7.106945640407502651
-19.833136440603993833,-7.097193025052547455
-19.662412948848214000,-7.098475438542664051
-19.483153282722923905,-7.099821968004107475
-19.303810244484338909,-7.090069340541958809
-19.124550580861978233,-7.091415860690176487
-18.945207543380092829,-7.081663223914802074
-18.774484054301865399,-7.082945617847144604
-18.595224388816859573,-7.084292126819491386
-18.415881352440919727,-7.074539477005600929
-18.245157861500047147,-7.075821857899427414
-18.065898196306079626,-7.077168354764580727
-17.886638533265795559,-7.078514846041798592
-17.715915042383130640,-7.079797215759754181
-17.536572007637005299,-7.070044547319412231
-17.365848519199062139,-7.071326909586787224
-17.186588854296132922,-7.072673384100198746
-17.015865363762713969,-7.073955737985670567
-16.836605698917992413,-7.075302205979824066
-16.657346034015063196,-7.076648668386042118
-16.486539177596569061,-7.066831856034696102
-16.307279513042885810,-7.068178310990333557
-16.128019848489202559,-7.069524761289358139
-15.957296360400505364,-7.070807091891765594
-15.778036695905029774,-7.072153534740209579
-15.607229838904459029,-7.062336701899766922
-15.427970174641814083,-7.063683137297630310
-15.257246684690471739,-7.064965451136231422
-15.077987022639717907,-7.066311876289546490
-14.898727358493488282,-7.067658298648893833
-14.728003870754037052,-7.068940601311624050
-14.548744206549599767,-7.070287014357745647
-14.377937351702712476,-7.060470155440270901
-14.181605339283123612,-7.061944789253175259
-14.010881849681027234,-7.063227076083421707
-13.840158362232614309,-7.064509358257055283
-13.660898698435630649,-7.065855750814080238
-13.490175208833534271,-7.067138026468455791
-13.319451721443329006,-7.068420296534895897
-13.148644868750125170,-7.058603410609066486
-12.977921379439067096,-7.059885673224925995
-12.798661715933121741,-7.061232045292854309
-12.627938228833954781,-7.062514300458133221
-12.457214739581104368,-7.063796551898121834
-12.277871714206412435,-7.054043758660554886
-12.107148225244600326,-7.055326002649962902
-11.936424738436471671,-7.056608241982758045
-11.765701249532867223,-7.057890477590262890
-11.586441586376167834,-7.059236820787191391
-11.415634736767970026,-7.049419895745813847
-11.244911250250879675,-7.050702121108770370
-11.065651587385218590,-7.052048451267182827
-10.894928098772652447,-7.053330668248236179
-10.715668438118882477,-7.054676991887390614
-10.544861590082291514,-7.044860045425593853
-10.374138101760763675,-7.046142250299453735
-10.194795082497876137,-7.036389408633112907
-10.024071594409178942,-7.037671605125069618
-9.844811932183802128,-7.039017908275127411
-9.674005085951648653,-7.029200943186879158
-9.503281600365880877,-7.030483127571642399
-9.332474755006842315,-7.020666155964136124
-9.161751267500221729,-7.021948332898318768
-8.990944424993358552,-7.012131351977586746
-8.820137580856680870,-7.002314369194209576
-8.640794563107192516,-6.992561489343643188
-8.469987720018252730,-6.982744499109685421
-8.299097523500677198,-6.961828350089490414
-8.128290681634098291,-6.952011349610984325
-7.957400484709069133,-6.931095194071531296
-7.777974114753305912,-6.910243139602243900
-7.607083922019228339,-6.889326975680887699
-7.436193728120997548,-6.868410807102918625
-7.265303535212296993,-6.847494634799659252
-7.102866164990700781,-6.815415198914706707
-6.931892620224971324,-6.783399865031242371
-6.769455252913758159,-6.751320421695709229
-6.598398357455153018,-6.708205928094685078
-6.444413811434060335,-6.664963217452168465
-6.281893095700070262,-6.621784610673785210
-6.119289026712067425,-6.567506846971809864
-5.956684960110578686,-6.513229079544544220
-5.793997545551974326,-6.447852154262363911
-5.639846305130049586,-6.382411121390759945
-5.485695069481153041,-6.316970084793865681
-5.323007663362659514,-6.251593151129782200
-5.177392604178749025,-6.186088004149496555
-5.023158023133873940,-6.109547805041074753
-4.868840096227359027,-6.021908449940383434
-4.723141694557853043,-5.945304139517247677
-4.568823774461634457,-5.857664778828620911
-4.423042030713986605,-5.769961310550570488
-4.277260288130491972,-5.682257839478552341
-4.139931373530998826,-5.583391108550131321
-4.002602460328489542,-5.484524376690387726
-3.865273552830331028,-5.385657640174031258
-3.727944648941047490,-5.286790902726352215
-3.590532397152855992,-5.176825008355081081
-3.470275844505522400,-5.077830061316490173
-3.341399774188175797,-4.967800059355795383
-3.220976530457846820,-4.846606800332665443
-3.100636637012939900,-4.736512693576514721
-2.980213402886874974,-4.615319431759417057
-2.859790168295148760,-4.494126165285706520
-2.747819762676954269,-4.361769644543528557
-2.635932708915788680,-4.240512276068329811
-2.523962310864590108,-4.108155749738216400
-2.420528087357524782,-3.975735122337937355
-2.317010519967880100,-3.832215339876711369
-2.213576303736772388,-3.699794709682464600
-2.101439226476941258,-3.545239871367812157
-2.006457840790972114,-3.401655982248485088
-1.920012628543190658,-3.258007992990314960
-1.833567419438622892,-3.114360001869499683
-1.747122213593684137,-2.970712010748684406
-1.660677013103850186,-2.827064017765223980
-1.582684636407066137,-2.672252771444618702
-1.504775609122589231,-2.528540676459670067
-1.435319407377392054,-2.373665325343608856
-1.357327039761003107,-2.218854075297713280
-1.287870845873840153,-2.063978725112974644
-1.226950820884667337,-1.909039274789392948
-1.157494630198925734,-1.754163921810686588
-1.096574612427502871,-1.599224469624459743
-1.035571251297369599,-1.433185863308608532
-0.974651236261706799,-1.278246408328413963
-0.913647878041956574,-1.112207802012562752
-0.861180691863410175,-0.946105093695223331
-0.800177338591311127,-0.780066486448049545
-0.747710157069377601,-0.613963777199387550
-0.695242975489236414,-0.447861067950725555
-0.651311964786145836,-0.281694260425865650
-0.598844787455163896,-0.115591550245881081
-0.554913780593778938,0.050575258210301399
-0.510982773383148015,0.216742067597806454
-0.475587935943622142,0.382972977124154568
-0.440193099959287792,0.549203885719180107
-0.404798263218253851,0.715434793382883072
-0.369403430144302547,0.881665704771876335
-0.334008598525542766,1.047896615229547024

