-692.61,106.97
-693.03,107.4
-693.02,107.63
-693.02,107.83
-693.02,108.03
-693.02,108.25
-693.02,108.46
-693.02,108.68
-693.02,108.91
-693.02,109.14
-693.02,109.37
-693.02,109.57
-693.01,109.78
-693.01,109.99
-693.01,110.2
-693.01,110.41
-693.01,110.63
-693.01,110.85
-693.01,111.08
-693.01,111.31
-693.01,111.55
-693.01,111.78
-693.01,111.99
-693.01,112.19
-693.01,112.4
-693.01,112.61
-693.01,112.82
-693.01,113.03
-693.01,113.25
-693.01,113.47
-693.01,113.69
-693.01,113.91
-693.01,114.14
-693.01,114.37
-693.01,114.6
-693.01,114.84
-693.01,115.07
-693.01,115.31
-693.01,115.56
-693.01,115.8
-693.01,116.05
-693.01,116.25
-693,116.46
-693,116.66
-693,116.87
-693,117.08
-693,117.29
-693,117.5
-693,117.71
-693,117.93
-693,118.14
-693.01,118.36
-693.01,118.58
-693.01,118.81
-693.01,119.03
-693.01,119.26
-693.01,119.49
-693.01,119.72
-693.01,119.95
-693.01,120.19
-693.01,120.42
-693.01,120.66
-693.01,120.9
-693.01,121.14
-693.01,121.38
-693.02,121.63
-693.02,121.87
-693.02,122.12
-693.02,122.37
-693.02,122.62
-693.02,122.87
-693.02,123.13
-693.02,123.38
-693.02,123.64
-693.02,123.9
-693.02,124.15
-693.02,124.42
-693.02,124.68
-693.02,124.94
-693.02,125.21
-693.02,125.41
-693.02,125.61
-693.02,125.81
-693.02,126.02
-693.02,126.22
-693.02,126.42
-693.02,126.63
-693.02,126.83
-693.02,127.04
-693.02,127.25
-693.02,127.45
-693.02,127.66
-693.02,127.87
-693.02,128.08
-693.02,128.29
-693.02,128.51
-693.02,128.72
-693.02,128.93
-693.02,129.14
-693.02,129.36
-693.02,129.57
-693.02,129.79
-693.02,130
-693.02,130.22
-693.02,130.44
-693.02,130.65
-693.01,130.87
-693.01,131.09
-693.01,131.31
-693.01,131.53
-693.01,131.75
-693.01,131.97
-693.01,132.2
-693.01,132.42
-693.01,132.64
-693.01,132.87
-693.01,133.09
-693.01,133.32
-693.01,133.55
-693.01,133.77
-693.01,134
-693.01,134.23
-693.01,134.46
-693.01,134.69
-693.01,134.92
-693.01,135.15
-693.01,135.38
-693.01,135.61
-693.01,135.84
-693.01,136.07
-693.01,136.3
-693.01,136.53
-693.01,136.76
-693.01,136.99
-693.01,137.22
-693.01,137.45
-693.01,137.68
-693,137.9
-693,138.14
-693,138.37
-693,138.6
-693,138.83
-693,139.06
-693,139.3
-693,139.53
-693,139.77
-693,140
-692.99,140.24
-692.99,140.47
-692.99,140.71
-692.99,140.95
-692.99,141.18
-692.99,141.42
-692.99,141.66
-692.98,141.9
-692.98,142.13
-692.98,142.37
-692.98,142.61
-692.98,142.85
-692.98,143.1
-692.97,143.34
-692.97,143.58
-692.97,143.82
-692.97,144.07
-692.97,144.31
-692.97,144.55
-692.97,144.8
-692.97,145.04
-692.97,145.29
-692.96,145.53
-692.96,145.78
-692.96,146.03
-692.96,146.27
-692.96,146.52
-692.96,146.77
-692.96,147.02
-692.96,147.27
-692.96,147.52
-692.96,147.77
-692.96,148.02
-692.95,148.27
-692.95,148.52
-692.95,148.78
-692.95,149.03
-692.95,149.28
-692.95,149.54
-692.95,149.79
-692.94,150.04
-692.94,150.3
-692.94,150.55
-692.94,150.81
-692.94,151.06
-692.94,151.32
-692.94,151.57
-692.94,151.83
-692.94,152.08
-692.94,152.34
-692.94,152.6
-692.94,152.86
-692.94,153.11
-692.94,153.37
-692.94,153.63
-692.94,153.89
-692.94,154.15
-692.94,154.41
-692.94,154.67
-692.94,154.93
-692.94,155.19
-692.94,155.46
-692.94,155.72
-692.94,155.98
-692.94,156.24
-692.94,156.51
-692.94,156.77
-692.94,157.03
-692.94,157.3
-692.94,157.56
-692.94,157.82
-692.94,158.09
-692.94,158.35
-692.94,158.62
-692.94,158.88
-692.94,159.15
-692.94,159.41
-692.94,159.68
-692.94,159.94
-692.94,160.21
-692.94,160.47
-692.94,160.74
-692.94,161
-692.94,161.27
-692.94,161.53
-692.94,161.8
-692.93,162.06
-692.93,162.32
-692.93,162.59
-692.93,162.85
-692.93,163.11
-692.93,163.38
-692.93,163.64
-692.93,163.9
-692.93,164.17
-692.93,164.43
-692.93,164.69
-692.93,164.95
-692.93,165.21
-692.93,165.47
-692.93,165.73
-692.93,165.99
-692.93,166.25
-692.93,166.51
-692.93,166.77
-692.93,167.03
-692.93,167.29
-692.93,167.55
-692.93,167.81
-692.93,168.07
-692.93,168.33
-692.93,168.6
-692.93,168.86
-692.93,169.12
-692.93,169.38
-692.93,169.65
-692.93,169.91
-692.93,170.18
-692.93,170.44
-692.93,170.71
-692.92,170.97
-692.92,171.23
-692.92,171.5
-692.92,171.76
-692.92,172.03
-692.92,172.3
-692.92,172.56
-692.92,172.83
-692.92,173.1
-692.92,173.37
-692.92,173.64
-692.92,173.9
-692.92,174.17
-692.92,174.44
-692.92,174.71
-692.92,174.98
-692.92,175.25
-692.91,175.52
-692.91,175.8
-692.91,176.07
-692.91,176.34
-692.91,176.61
-692.91,176.88
-692.91,177.16
-692.91,177.43
-692.91,177.7
-692.9,177.97
-692.9,178.24
-692.9,178.52
-692.9,178.79
-692.9,179.07
-692.9,179.34
-692.9,179.62
-692.9,179.89
-692.9,180.17
-692.89,180.44
-692.89,180.72
-692.89,181
-692.89,181.28
-692.89,181.55
-692.89,181.83
-692.89,182.11
-692.89,182.39
-692.89,182.66
-692.89,182.94
-692.89,183.22
-692.89,183.5
-692.89,183.78
-692.88,184.06
-692.88,184.34
-692.88,184.63
-692.88,184.91
-692.88,185.19
-692.88,185.47
-692.87,185.75
-692.87,186.04
-692.87,186.32
-692.87,186.61
-692.86,186.89
-692.86,187.17
-692.86,187.46
-692.86,187.74
-692.86,188.03
-692.85,188.31
-692.85,188.6
-692.85,188.88
-692.85,189.17
-692.85,189.45
-692.84,189.74
-692.84,190.03
-692.84,190.32
-692.84,190.6
-692.84,190.89
-692.84,191.18
-692.84,191.47
-692.83,191.76
-692.83,192.05
-692.83,192.34
-692.83,192.63
-692.83,192.92
-692.83,193.21
-692.82,193.5
-692.82,193.79
-692.82,194.08
-692.82,194.38
-692.82,194.67
-692.81,194.96
-692.81,195.25
-692.81,195.55
-692.81,195.84
-692.81,196.13
-692.8,196.43
-692.8,196.72
-692.8,197.01
-692.8,197.31
-692.8,197.6
-692.8,197.9
-692.79,198.19
-692.79,198.49
-692.79,198.78
-692.79,199.08
-692.79,199.37
-692.78,199.67
-692.78,199.97
-692.78,200.26
-692.78,200.56
-692.78,200.86
-692.77,201.15
-692.77,201.45
-692.77,201.75
-692.76,202.04
-692.76,202.34
-692.76,202.64
-692.75,202.94
-692.75,203.24
-692.75,203.44
-692.74,203.74
-692.74,204.04
-692.74,204.24
-692.73,204.44
-692.73,204.64
-692.73,204.84
-692.72,205.04
-692.72,205.24
-692.72,205.44
-692.71,205.64
-692.71,205.84
-692.71,206.04
-692.7,206.25
-692.7,206.45
-692.7,206.65
-692.69,206.85
-692.69,207.05
-692.68,207.25
-692.68,207.46
-692.68,207.66
-692.67,207.86
-692.67,208.06
-692.66,208.27
-692.66,208.47
-692.66,208.67
-692.65,208.87
-692.65,209.08
-692.65,209.28
-692.64,209.48
-692.64,209.68
-692.63,209.89
-692.63,210.09
-692.63,210.29
-692.62,210.49
-692.62,210.7
-692.61,210.9
-692.61,211.1
-692.6,211.3
-692.6,211.51
-692.6,211.71
-692.59,211.91
-692.59,212.12
-692.59,212.32
-692.58,212.53
-692.58,212.73
-692.58,212.93
-692.57,213.14
-692.57,213.34
-692.57,213.55
-692.56,213.75
-692.56,213.96
-692.56,214.16
-692.55,214.36
-692.55,214.57
-692.55,214.77
-692.54,214.98
-692.54,215.18
-692.53,215.39
-692.53,215.59
-692.53,215.8
-692.52,216
-692.52,216.21
-692.52,216.42
-692.51,216.62
-692.51,216.83
-692.51,217.03
-692.5,217.24
-692.5,217.44
-692.5,217.65
-692.49,217.85
-692.49,218.06
-692.49,218.27
-692.48,218.47
-692.48,218.68
-692.48,218.88
-692.47,219.09
-692.47,219.29
-692.47,219.5
-692.47,219.7
-692.46,219.91
-692.46,220.11
-692.46,220.32
-692.45,220.52
-692.45,220.73
-692.45,220.94
-692.45,221.14
-692.44,221.35
-692.44,221.55
-692.44,221.76
-692.44,221.97
-692.43,222.17
-692.43,222.38
-692.43,222.58
-692.43,222.79
-692.43,223
-692.42,223.2
-692.42,223.41
-692.42,223.61
-692.42,223.82
-692.41,224.02
-692.41,224.23
-692.41,224.44
-692.41,224.64
-692.4,224.85
-692.4,225.05
-692.4,225.26
-692.4,225.46
-692.4,225.67
-692.39,225.87
-692.39,226.08
-692.39,226.29
-692.39,226.49
-692.39,226.7
-692.39,226.91
-692.38,227.11
-692.38,227.32
-692.38,227.53
-692.38,227.74
-692.37,227.94
-692.37,228.15
-692.37,228.36
-692.37,228.56
-692.37,228.77
-692.37,228.98
-692.36,229.19
-692.36,229.4
-692.36,229.6
-692.36,229.81
-692.36,230.02
-692.36,230.23
-692.35,230.43
-692.35,230.64
-692.35,230.85
-692.34,231.06
-692.34,231.27
-692.34,231.48
-692.34,231.68
-692.33,231.89
-692.33,232.1
-692.33,232.31
-692.33,232.52
-692.33,232.73
-692.32,232.94
-692.32,233.15
-692.32,233.36
-692.32,233.57
-692.31,233.78
-692.31,233.98
-692.31,234.19
-692.31,234.4
-692.3,234.61
-692.3,234.82
-692.3,235.03
-692.3,235.24
-692.29,235.45
-692.29,235.66
-692.29,235.87
-692.29,236.08
-692.29,236.29
-692.28,236.5
-692.28,236.71
-692.28,236.92
-692.28,237.13
-692.27,237.34
-692.27,237.55
-692.27,237.76
-692.27,237.97
-692.27,238.18
-692.26,238.39
-692.26,238.6
-692.26,238.8
-692.26,239.01
-692.26,239.22
-692.25,239.43
-692.25,239.64
-692.25,239.85
-692.25,240.06
-692.25,240.27
-692.24,240.48
-692.24,240.69
-692.24,240.89
-692.24,241.1
-692.24,241.31
-692.23,241.52
-692.23,241.73
-692.23,241.93
-692.23,242.14
-692.23,242.35
-692.22,242.55
-692.22,242.76
-692.22,242.97
-692.22,243.17
-692.22,243.38
-692.21,243.58
-692.21,243.79
-692.21,244
-692.21,244.2
-692.21,244.41
-692.21,244.61
-692.21,244.81
-692.2,245.02
-692.2,245.22
-692.2,245.43
-692.2,245.63
-692.2,245.84
-692.2,246.04
-692.19,246.25
-692.19,246.45
-692.19,246.65
-692.19,246.86
-692.19,247.06
-692.19,247.26
-692.19,247.47
-692.18,247.67
-692.18,247.88
-692.18,248.08
-692.18,248.28
-692.18,248.49
-692.18,248.69
-692.18,248.9
-692.18,249.1
-692.17,249.3
-692.17,249.51
-692.17,249.71
-692.17,249.92
-692.17,250.12
-692.17,250.32
-692.17,250.53
-692.17,250.73
-692.16,250.93
-692.16,251.14
-692.16,251.34
-692.16,251.54
-692.16,251.75
-692.16,251.95
-692.16,252.15
-692.16,252.35
-692.15,252.56
-692.15,252.76
-692.15,252.96
-692.15,253.16
-692.15,253.37
-692.15,253.57
-692.15,253.77
-692.15,253.97
-692.15,254.27
-692.14,254.57
-692.14,254.87
-692.14,255.17
-692.14,255.47
-692.14,255.77
-692.13,256.07
-692.13,256.37
-692.13,256.67
-692.13,256.97
-692.12,257.27
-692.12,257.56
-692.12,257.86
-692.12,258.16
-692.12,258.45
-692.11,258.75
-692.11,259.04
-692.11,259.33
-692.11,259.62
-692.1,259.91
-692.1,260.2
-692.1,260.49
-692.1,260.78
-692.09,261.06
-692.09,261.34
-692.09,261.63
-692.08,261.91
-692.08,262.19
-692.08,262.47
-692.08,262.74
-692.07,263.02
-692.07,263.29
-692.07,263.56
-692.07,263.83
-692.07,264.1
-692.07,264.37
-692.06,264.64
-692.06,264.9
-692.06,265.16
-692.06,265.43
-692.06,265.69
-692.06,265.95
-692.05,266.2
-692.05,266.46
-692.05,266.71
-692.05,266.96
-692.05,267.21
-692.05,267.46
-692.04,267.7
-692.04,267.95
-692.04,268.19
-692.04,268.43
-692.04,268.66
-692.04,268.9
-692.04,269.13
-692.03,269.36
-692.03,269.58
-692.03,269.81
-692.02,270.03
-692.02,270.24
-692.02,270.46
-692.02,270.67
-692.02,270.88
-692.01,271.09
-692.01,271.3
-692.01,271.51
-692.01,271.71
-692.01,271.92
-692.01,272.12
-692.02,272.32
-692.02,272.52
-692.02,272.79
-692.02,272.99
-692.02,273.19
-692.03,273.46
-692.04,273.72
-692.04,273.98
-692.04,274.24
-692.05,274.5
-692.06,274.76
-692.06,275.02
-692.07,275.28
-692.07,275.54
-692.08,275.8
-692.08,276.05
-692.08,276.31
-692.09,276.57
-692.09,276.82
-692.1,277.08
-692.1,277.34
-692.11,277.6
-692.11,277.86
-692.11,278.12
-692.12,278.38
-692.12,278.65
-692.12,278.85
-692.13,279.05
-692.13,279.25
-692.13,279.45
-692.13,279.66
-692.14,279.86
-692.14,280.07
-692.14,280.28
-692.15,280.48
-692.15,280.69
-692.16,280.9
-692.16,281.11
-692.17,281.32
-692.17,281.54
-692.18,281.75
-692.18,281.96
-692.19,282.17
-692.19,282.39
-692.19,282.6
-692.2,282.82
-692.2,283.03
-692.21,283.25
-692.21,283.47
-692.21,283.69
-692.22,283.91
-692.22,284.13
-692.23,284.35
-692.23,284.57
-692.23,284.79
-692.23,285.02
-692.24,285.24
-692.24,285.47
-692.25,285.69
-692.26,285.92
-692.26,286.15
-692.27,286.38
-692.27,286.61
-692.28,286.84
-692.29,287.07
-692.3,287.3
-692.3,287.54
-692.31,287.78
-692.32,288.01
-692.32,288.25
-692.33,288.49
-692.34,288.72
-692.35,288.96
-692.36,289.2
-692.37,289.44
-692.38,289.68
-692.39,289.93
-692.4,290.17
-692.42,290.41
-692.43,290.65
-692.44,290.9
-692.46,291.14
-692.47,291.39
-692.49,291.63
-692.51,291.88
-692.53,292.13
-692.54,292.38
-692.56,292.63
-692.58,292.87
-692.6,293.12
-692.62,293.38
-692.64,293.63
-692.67,293.88
-692.69,294.13
-692.71,294.39
-692.73,294.64
-692.76,294.9
-692.78,295.15
-692.81,295.41
-692.83,295.67
-692.86,295.92
-692.88,296.18
-692.91,296.44
-692.94,296.7
-692.96,296.95
-692.99,297.22
-693.01,297.48
-693.04,297.74
-693.06,298
-693.09,298.27
-693.11,298.53
-693.14,298.8
-693.16,299.06
-693.19,299.33
-693.22,299.59
-693.25,299.86
-693.27,300.13
-693.3,300.4
-693.33,300.66
-693.36,300.94
-693.39,301.21
-693.42,301.48
-693.45,301.75
-693.47,302.02
-693.5,302.3
-693.53,302.57
-693.56,302.85
-693.59,303.13
-693.62,303.4
-693.65,303.68
-693.68,303.96
-693.71,304.23
-693.74,304.51
-693.77,304.79
-693.79,305.08
-693.82,305.36
-693.85,305.64
-693.88,305.92
-693.92,306.21
-693.95,306.49
-693.98,306.77
-694.01,307.06
-694.04,307.34
-694.08,307.63
-694.11,307.91
-694.14,308.2
-694.18,308.49
-694.21,308.78
-694.24,309.06
-694.27,309.35
-694.31,309.64
-694.34,309.93
-694.37,310.22
-694.41,310.51
-694.44,310.8
-694.47,311.09
-694.51,311.38
-694.54,311.68
-694.57,311.97
-694.61,312.26
-694.64,312.56
-694.67,312.86
-694.71,313.15
-694.74,313.45
-694.77,313.74
-694.8,314.04
-694.84,314.34
-694.87,314.63
-694.9,314.93
-694.93,315.23
-694.95,315.43
-694.98,315.73
-695.01,315.92
-695.03,316.12
-695.05,316.33
-695.07,316.53
-695.09,316.73
-695.11,316.93
-695.13,317.13
-695.15,317.33
-695.17,317.53
-695.2,317.73
-695.22,317.94
-695.24,318.14
-695.26,318.34
-695.28,318.54
-695.3,318.75
-695.32,318.95
-695.34,319.15
-695.36,319.36
-695.38,319.56
-695.4,319.76
-695.42,319.97
-695.44,320.17
-695.46,320.37
-695.48,320.58
-695.5,320.78
-695.51,320.99
-695.53,321.19
-695.55,321.4
-695.57,321.6
-695.59,321.81
-695.61,322.01
-695.62,322.22
-695.64,322.42
-695.66,322.63
-695.67,322.84
-695.69,323.04
-695.71,323.25
-695.73,323.46
-695.74,323.67
-695.76,323.88
-695.77,324.08
-695.79,324.29
-695.81,324.5
-695.82,324.71
-695.83,324.92
-695.85,325.13
-695.87,325.34
-695.88,325.55
-695.89,325.76
-695.91,325.97
-695.92,326.18
-695.94,326.39
-695.95,326.6
-695.96,326.81
-695.97,327.02
-695.99,327.23
-696,327.44
-696.01,327.66
-696.02,327.87
-696.04,328.08
-696.05,328.29
-696.06,328.51
-696.07,328.72
-696.08,328.93
-696.1,329.15
-696.11,329.36
-696.12,329.58
-696.13,329.79
-696.14,330
-696.15,330.22
-696.16,330.43
-696.17,330.65
-696.18,330.86
-696.19,331.08
-696.2,331.3
-696.21,331.51
-696.22,331.73
-696.23,331.94
-696.24,332.16
-696.25,332.37
-696.25,332.59
-696.26,332.81
-696.27,333.02
-696.27,333.24
-696.28,333.45
-696.28,333.67
-696.28,333.89
-696.29,334.1
-696.29,334.32
-696.29,334.53
-696.3,334.75
-696.3,334.96
-696.3,335.18
-696.3,335.39
-696.3,335.61
-696.3,335.82
-696.31,336.03
-696.31,336.25
-696.31,336.46
-696.31,336.68
-696.31,336.89
-696.31,337.1
-696.32,337.32
-696.32,337.53
-696.32,337.74
-696.32,337.96
-696.32,338.17
-696.32,338.38
-696.33,338.6
-696.33,338.81
-696.33,339.02
-696.33,339.23
-696.33,339.45
-696.33,339.66
-696.33,339.87
-696.33,340.08
-696.33,340.29
-696.34,340.5
-696.34,340.72
-696.34,340.93
-696.34,341.14
-696.34,341.35
-696.34,341.56
-696.34,341.78
-696.34,341.99
-696.34,342.2
-696.34,342.41
-696.34,342.62
-696.34,342.83
-696.35,343.05
-696.35,343.26
-696.35,343.47
-696.35,343.68
-696.35,343.89
-696.35,344.1
-696.35,344.31
-696.35,344.52
-696.35,344.73
-696.35,344.93
-696.35,345.14
-696.35,345.35
-696.35,345.56
-696.35,345.77
-696.35,345.98
-696.35,346.19
-696.35,346.4
-696.35,346.61
-696.35,346.82
-696.35,347.02
-696.35,347.23
-696.35,347.44
-696.35,347.65
-696.35,347.86
-696.35,348.07
-696.35,348.28
-696.35,348.48
-696.35,348.69
-696.35,348.9
-696.35,349.1
-696.35,349.31
-696.35,349.51
-696.35,349.72
-696.34,349.92
-696.34,350.13
-696.34,350.33
-696.34,350.54
-696.34,350.74
-696.34,350.94
-696.33,351.15
-696.33,351.35
-696.33,351.56
-696.33,351.76
-696.33,351.97
-696.33,352.17
-696.33,352.38
-696.33,352.58
-696.32,352.79
-696.32,352.99
-696.32,353.2
-696.32,353.4
-696.32,353.6
-696.32,353.81
-696.32,354.01
-696.32,354.21
-696.32,354.41
-696.32,354.62
-696.31,354.82
-696.31,355.02
-696.31,355.22
-696.31,355.43
-696.31,355.63
-696.31,355.83
-696.31,356.03
-696.31,356.23
-696.31,356.43
-696.3,356.63
-696.3,356.83
-696.3,357.03
-696.3,357.24
-696.3,357.44
-696.3,357.64
-696.29,357.84
-696.29,358.04
-696.29,358.24
-696.29,358.44
-696.29,358.64
-696.29,358.94
-696.28,359.24
-696.28,359.54
-696.28,359.84
-696.28,360.14
-696.28,360.44
-696.28,360.73
-696.28,361.03
-696.28,361.33
-696.27,361.62
-696.27,361.92
-696.27,362.22
-696.27,362.51
-696.27,362.81
-696.27,363.11
-696.26,363.4
-696.26,363.7
-696.26,363.99
-696.26,364.29
-696.26,364.58
-696.26,364.88
-696.26,365.17
-696.25,365.47
-696.25,365.76
-696.25,366.06
-696.25,366.35
-696.25,366.64
-696.25,366.94
-696.24,367.23
-696.24,367.53
-696.24,367.82
-696.24,368.11
-696.24,368.41
-696.24,368.7
-696.24,369
-696.24,369.29
-696.24,369.59
-696.24,369.88
-696.24,370.18
-696.23,370.47
-696.23,370.77
-696.23,371.07
-696.23,371.36
-696.23,371.66
-696.23,371.96
-696.23,372.26
-696.22,372.56
-696.22,372.76
-696.22,373.06
-696.22,373.36
-696.21,373.66
-696.21,373.96
-696.21,374.16
-696.21,374.36
-696.21,374.56
-696.21,374.76
-696.2,374.96
-696.2,375.16
-696.2,375.36
-696.2,375.56
-696.2,375.76
-696.2,375.96
-696.2,376.16
-696.2,376.36
-696.2,376.56
-696.2,376.76
-696.19,376.96
-696.19,377.16
-696.19,377.46
-696.19,377.76
-696.19,378.06
-696.19,378.36
-696.19,378.66
-696.18,378.96
-696.18,379.26
-696.18,379.56
-696.18,379.85
-696.18,380.15
-696.17,380.44
-696.17,380.74
-696.17,381.04
-696.17,381.33
-696.17,381.63
-696.16,381.92
-696.16,382.22
-696.16,382.51
-696.16,382.81
-696.16,383.1
-696.15,383.4
-696.15,383.69
-696.15,383.98
-696.15,384.27
-696.14,384.57
-696.14,384.86
-696.14,385.15
-696.14,385.44
-696.13,385.73
-696.13,386.02
-696.13,386.31
-696.13,386.6
-696.13,386.89
-696.12,387.18
-696.12,387.47
-696.12,387.76
-696.12,388.05
-696.12,388.34
-696.11,388.62
-696.11,388.91
-696.11,389.2
-696.11,389.48
-696.11,389.77
-696.11,390.05
-696.1,390.34
-696.1,390.62
-696.1,390.9
-696.1,391.19
-696.1,391.47
-696.1,391.76
-696.1,392.04
-696.1,392.32
-696.1,392.61
-696.1,392.89
-696.1,393.17
-696.09,393.45
-696.09,393.73
-696.09,394.02
-696.09,394.3
-696.09,394.58
-696.09,394.86
-696.09,395.14
-696.09,395.42
-696.09,395.7
-696.09,395.98
-696.09,396.26
-696.09,396.54
-696.09,396.82
-696.09,397.1
-696.09,397.38
-696.09,397.66
-696.09,397.94
-696.09,398.22
-696.08,398.5
-696.08,398.78
-696.08,399.05
-696.08,399.33
-696.08,399.61
-696.08,399.89
-696.08,400.17
-696.08,400.45
-696.08,400.73
-696.08,401.01
-696.08,401.29
-696.08,401.56
-696.08,401.84
-696.07,402.12
-696.07,402.4
-696.07,402.67
-696.07,402.95
-696.07,403.23
-696.07,403.51
-696.07,403.79
-696.07,404.06
-696.07,404.34
-696.07,404.62
-696.06,404.9
-696.06,405.18
-696.06,405.45
-696.06,405.73
-696.06,406.01
-696.06,406.29
-696.06,406.57
-696.06,406.84
-696.06,407.12
-696.06,407.4
-696.06,407.68
-696.06,407.95
-696.05,408.23
-696.05,408.51
-696.05,408.79
-696.05,409.07
-696.05,409.35
-696.05,409.63
-696.04,409.91
-696.04,410.19
-696.04,410.47
-696.04,410.75
-696.04,411.04
-696.03,411.32
-696.03,411.6
-696.03,411.88
-696.03,412.16
-696.03,412.45
-696.02,412.73
-696.02,413.01
-696.02,413.3
-696.02,413.58
-696.02,413.86
-696.01,414.15
-696.01,414.43
-696.01,414.72
-696.01,415
-696,415.29
-696,415.57
-696,415.86
-695.99,416.15
-695.99,416.43
-695.99,416.72
-695.99,417.01
-695.98,417.3
-695.98,417.58
-695.98,417.87
-695.98,418.16
-695.97,418.45
-695.97,418.74
-695.97,419.03
-695.97,419.32
-695.97,419.61
-695.96,419.9
-695.96,420.19
-695.96,420.48
-695.96,420.77
-695.95,421.06
-695.95,421.35
-695.95,421.64
-695.95,421.93
-695.94,422.22
-695.94,422.51
-695.94,422.8
-695.93,423.09
-695.93,423.38
-695.93,423.67
-695.92,423.96
-695.92,424.25
-695.92,424.54
-695.92,424.83
-695.91,425.12
-695.91,425.41
-695.91,425.7
-695.9,425.99
-695.9,426.28
-695.9,426.57
-695.89,426.86
-695.89,427.15
-695.89,427.44
-695.88,427.72
-695.88,428.01
-695.87,428.3
-695.87,428.59
-695.87,428.88
-695.86,429.17
-695.86,429.46
-695.86,429.75
-695.85,430.03
-695.85,430.32
-695.84,430.61
-695.84,430.9
-695.84,431.19
-695.83,431.48
-695.83,431.77
-695.83,432.05
-695.82,432.34
-695.82,432.63
-695.82,432.92
-695.81,433.2
-695.81,433.49
-695.81,433.78
-695.8,434.07
-695.8,434.35
-695.8,434.64
-695.79,434.92
-695.79,435.21
-695.78,435.49
-695.78,435.78
-695.78,436.06
-695.77,436.35
-695.77,436.63
-695.77,436.91
-695.76,437.19
-695.76,437.48
-695.75,437.76
-695.75,438.04
-695.75,438.32
-695.74,438.6
-695.74,438.88
-695.74,439.16
-695.73,439.44
-695.73,439.72
-695.73,440
-695.72,440.28
-695.72,440.56
-695.72,440.84
-695.72,441.12
-695.71,441.4
-695.71,441.68
-695.71,441.96
-695.7,442.24
-695.7,442.52
-695.7,442.79
-695.7,443.07
-695.69,443.35
-695.69,443.62
-695.69,443.9
-695.69,444.18
-695.68,444.45
-695.68,444.73
-695.68,445
-695.68,445.28
-695.67,445.55
-695.67,445.82
-695.67,446.1
-695.67,446.37
-695.67,446.64
-695.66,446.92
-695.66,447.19
-695.66,447.46
-695.66,447.74
-695.66,448.01
-695.66,448.28
-695.66,448.55
-695.66,448.82
-695.66,449.1
-695.65,449.37
-695.65,449.64
-695.65,449.91
-695.65,450.17
-695.65,450.44
-695.65,450.71
-695.65,450.98
-695.65,451.24
-695.65,451.51
-695.64,451.78
-695.64,452.04
-695.64,452.31
-695.64,452.58
-695.64,452.84
-695.63,453.11
-695.63,453.37
-695.63,453.64
-695.63,453.9
-695.63,454.16
-695.63,454.43
-695.62,454.69
-695.62,454.95
-695.62,455.21
-695.62,455.48
-695.62,455.74
-695.61,456
-695.61,456.26
-695.61,456.53
-695.61,456.79
-695.6,457.05
-695.6,457.31
-695.6,457.58
-695.6,457.84
-695.6,458.1
-695.6,458.36
-695.59,458.62
-695.59,458.89
-695.59,459.15
-695.59,459.41
-695.59,459.68
-695.58,459.94
-695.58,460.2
-695.58,460.47
-695.58,460.73
-695.58,461
-695.58,461.27
-695.58,461.53
-695.57,461.8
-695.57,462.07
-695.57,462.33
-695.57,462.6
-695.57,462.87
-695.57,463.14
-695.57,463.41
-695.56,463.68
-695.56,463.95
-695.56,464.22
-695.56,464.49
-695.56,464.76
-695.56,465.03
-695.56,465.31
-695.55,465.58
-695.55,465.85
-695.55,466.13
-695.55,466.4
-695.55,466.68
-695.54,466.95
-695.54,467.23
-695.54,467.51
-695.54,467.79
-695.54,468.06
-695.53,468.34
-695.53,468.62
-695.53,468.9
-695.53,469.18
-695.52,469.46
-695.52,469.74
-695.52,470.02
-695.52,470.3
-695.52,470.58
-695.51,470.86
-695.51,471.15
-695.51,471.43
-695.51,471.72
-695.51,472
-695.5,472.29
-695.5,472.57
-695.5,472.86
-695.5,473.14
-695.49,473.43
-695.49,473.71
-695.49,474
-695.49,474.29
-695.48,474.58
-695.48,474.86
-695.48,475.15
-695.48,475.44
-695.48,475.73
-695.47,476.02
-695.47,476.31
-695.47,476.6
-695.47,476.89
-695.47,477.18
-695.46,477.47
-695.46,477.76
-695.46,478.05
-695.45,478.34
-695.45,478.63
-695.45,478.93
-695.45,479.22
-695.44,479.51
-695.44,479.8
-695.44,480.09
-695.44,480.39
-695.44,480.68
-695.43,480.97
-695.43,481.27
-695.43,481.56
-695.43,481.85
-695.43,482.15
-695.42,482.44
-695.42,482.74
-695.42,483.03
-695.42,483.33
-695.41,483.62
-695.41,483.91
-695.41,484.21
-695.4,484.5
-695.4,484.79
-695.4,485.08
-695.39,485.38
-695.39,485.67
-695.39,485.96
-695.39,486.25
-695.38,486.55
-695.38,486.84
-695.38,487.13
-695.38,487.42
-695.37,487.71
-695.37,488
-695.37,488.29
-695.36,488.58
-695.36,488.87
-695.36,489.16
-695.36,489.45
-695.35,489.74
-695.35,490.03
-695.35,490.31
-695.34,490.6
-695.34,490.89
-695.34,491.18
-695.33,491.46
-695.33,491.75
-695.33,492.04
-695.32,492.32
-695.32,492.61
-695.31,492.89
-695.31,493.18
-695.3,493.46
-695.3,493.75
-695.3,494.03
-695.29,494.32
-695.29,494.6
-695.28,494.89
-695.28,495.17
-695.27,495.45
-695.27,495.74
-695.27,496.02
-695.26,496.3
-695.26,496.58
-695.25,496.86
-695.24,497.15
-695.24,497.43
-695.23,497.71
-695.23,497.99
-695.22,498.27
-695.21,498.55
-695.21,498.83
-695.2,499.1
-695.19,499.38
-695.19,499.66
-695.18,499.94
-695.18,500.22
-695.17,500.49
-695.17,500.77
-695.17,501.05
-695.16,501.32
-695.16,501.6
-695.15,501.88
-695.15,502.15
-695.14,502.43
-695.14,502.7
-695.13,502.98
-695.13,503.25
-695.13,503.53
-695.12,503.8
-695.12,504.08
-695.11,504.35
-695.11,504.62
-695.1,504.9
-695.1,505.17
-695.1,505.44
-695.09,505.72
-695.09,505.99
-695.09,506.26
-695.08,506.54
-695.08,506.81
-695.08,507.08
-695.07,507.36
-695.07,507.63
-695.07,507.9
-695.06,508.17
-695.06,508.44
-695.06,508.72
-695.05,508.99
-695.05,509.26
-695.05,509.53
-695.05,509.8
-695.05,510.08
-695.04,510.35
-695.04,510.62
-695.04,510.9
-695.04,511.17
-695.03,511.44
-695.03,511.71
-695.03,511.99
-695.02,512.26
-695.02,512.53
-695.02,512.8
-695.02,513.07
-695.01,513.34
-695.01,513.61
-695.01,513.88
-695,514.15
-695,514.42
-695,514.7
-695,514.97
-694.99,515.24
-694.99,515.51
-694.99,515.78
-694.99,516.05
-694.99,516.32
-694.98,516.6
-694.98,516.87
-694.98,517.14
-694.98,517.41
-694.98,517.68
-694.98,517.95
-694.97,518.22
-694.97,518.49
-694.97,518.76
-694.97,519.03
-694.97,519.29
-694.96,519.56
-694.96,519.83
-694.96,520.1
-694.96,520.37
-694.96,520.64
-694.96,520.91
-694.95,521.18
-694.95,521.45
-694.95,521.72
-694.95,521.99
-694.95,522.26
-694.94,522.53
-694.94,522.8
-694.94,523.06
-694.94,523.33
-694.94,523.6
-694.94,523.87
-694.94,524.13
-694.93,524.4
-694.93,524.66
-694.93,524.93
-694.93,525.19
-694.93,525.46
-694.93,525.72
-694.93,525.99
-694.92,526.25
-694.92,526.51
-694.92,526.78
-694.92,527.04
-694.92,527.3
-694.92,527.56
-694.92,527.82
-694.91,528.09
-694.91,528.35
-694.91,528.61
-694.91,528.87
-694.91,529.14
-694.91,529.4
-694.91,529.66
-694.91,529.92
-694.91,530.18
-694.91,530.45
-694.91,530.71
-694.9,530.97
-694.9,531.23
-694.9,531.5
-694.9,531.76
-694.9,532.02
-694.9,532.29
-694.9,532.55
-694.9,532.82
-694.9,533.08
-694.9,533.35
-694.9,533.62
-694.9,533.88
-694.89,534.15
-694.89,534.42
-694.89,534.68
-694.89,534.95
-694.89,535.22
-694.89,535.48
-694.89,535.75
-694.89,536.02
-694.89,536.29
-694.89,536.56
-694.89,536.83
-694.89,537.1
-694.89,537.37
-694.89,537.65
-694.89,537.92
-694.89,538.19
-694.89,538.46
-694.89,538.74
-694.89,539.01
-694.89,539.28
-694.89,539.56
-694.88,539.83
-694.88,540.1
-694.88,540.38
-694.88,540.65
-694.88,540.93
-694.88,541.2
-694.88,541.48
-694.88,541.75
-694.88,542.03
-694.88,542.31
-694.88,542.58
-694.87,542.86
-694.87,543.14
-694.87,543.42
-694.87,543.7
-694.87,543.97
-694.87,544.25
-694.86,544.53
-694.86,544.81
-694.86,545.09
-694.86,545.37
-694.86,545.65
-694.86,545.93
-694.86,546.21
-694.86,546.49
-694.86,546.78
-694.86,547.06
-694.85,547.34
-694.85,547.62
-694.85,547.91
-694.85,548.19
-694.85,548.48
-694.85,548.76
-694.85,549.05
-694.85,549.33
-694.85,549.62
-694.85,549.91
-694.85,550.19
-694.85,550.48
-694.85,550.77
-694.84,551.06
-694.84,551.35
-694.84,551.64
-694.84,551.93
-694.84,552.22
-694.84,552.51
-694.84,552.8
-694.84,553.09
-694.83,553.38
-694.83,553.67
-694.83,553.97
-694.83,554.26
-694.83,554.55
-694.83,554.84
-694.83,555.14
-694.83,555.43
-694.83,555.72
-694.82,556.02
-694.82,556.31
-694.82,556.61
-694.82,556.9
-694.82,557.2
-694.82,557.49
-694.81,557.79
-694.81,558.09
-694.81,558.38
-694.81,558.68
-694.81,558.98
-694.81,559.28
-694.81,559.57
-694.81,559.87
-694.8,560.17
-694.8,560.37
-694.8,560.57
-694.8,560.87
-694.8,561.17
-694.8,561.47
-694.8,561.78
-694.8,561.98
-694.8,562.18
-694.79,562.38
-694.79,562.58
-694.79,562.78
-694.79,562.98
-694.79,563.18
-694.79,563.39
-694.79,563.59
-694.79,563.79
-694.79,563.99
-694.79,564.2
-694.78,564.4
-694.78,564.6
-694.78,564.8
-694.78,565.01
-694.78,565.21
-694.78,565.41
-694.78,565.62
-694.78,565.82
-694.78,566.02
-694.78,566.23
-694.78,566.43
-694.78,566.64
-694.77,566.84
-694.77,567.05
-694.77,567.25
-694.77,567.46
-694.77,567.66
-694.77,567.87
-694.77,568.07
-694.77,568.28
-694.77,568.49
-694.76,568.69
-694.76,568.9
-694.76,569.1
-694.76,569.31
-694.76,569.52
-694.76,569.72
-694.76,569.93
-694.75,570.14
-694.75,570.34
-694.75,570.55
-694.75,570.76
-694.75,570.96
-694.74,571.17
-694.74,571.38
-694.74,571.58
-694.74,571.79
-694.74,572
-694.73,572.2
-694.73,572.41
-694.73,572.62
-694.73,572.83
-694.73,573.03
-694.72,573.24
-694.72,573.45
-694.72,573.66
-694.72,573.86
-694.71,574.07
-694.71,574.28
-694.71,574.49
-694.71,574.69
-694.7,574.9
-694.7,575.11
-694.7,575.32
-694.7,575.52
-694.69,575.73
-694.69,575.94
-694.69,576.15
-694.69,576.35
-694.68,576.56
-694.68,576.77
-694.68,576.98
-694.68,577.18
-694.68,577.39
-694.67,577.6
-694.67,577.81
-694.67,578.01
-694.67,578.22
-694.66,578.43
-694.66,578.64
-694.66,578.84
-694.66,579.05
-694.66,579.26
-694.65,579.47
-694.65,579.67
-694.65,579.88
-694.65,580.09
-694.64,580.29
-694.64,580.5
-694.64,580.71
-694.64,580.92
-694.63,581.12
-694.63,581.33
-694.63,581.54
-694.63,581.75
-694.62,581.95
-694.62,582.16
-694.62,582.37
-694.62,582.57
-694.61,582.78
-694.61,582.99
-694.61,583.2
-694.61,583.4
-694.61,583.61
-694.6,583.82
-694.6,584.02
-694.6,584.23
-694.6,584.44
-694.59,584.65
-694.59,584.85
-694.59,585.06
-694.58,585.27
-694.58,585.47
-694.58,585.68
-694.57,585.89
-694.57,586.09
-694.57,586.3
-694.57,586.5
-694.56,586.71
-694.56,586.92
-694.56,587.12
-694.56,587.33
-694.55,587.54
-694.55,587.74
-694.55,587.95
-694.54,588.15
-694.54,588.36
-694.54,588.57
-694.53,588.77
-694.53,588.98
-694.53,589.18
-694.52,589.39
-694.52,589.59
-694.52,589.8
-694.52,590
-694.51,590.21
-694.51,590.41
-694.51,590.62
-694.5,590.82
-694.5,591.02
-694.5,591.23
-694.5,591.43
-694.5,591.64
-694.49,591.84
-694.49,592.04
-694.49,592.25
-694.49,592.45
-694.48,592.65
-694.48,592.86
-694.48,593.06
-694.48,593.26
-694.48,593.47
-694.47,593.67
-694.47,593.87
-694.47,594.07
-694.47,594.28
-694.46,594.48
-694.46,594.68
-694.46,594.89
-694.46,595.09
-694.46,595.29
-694.45,595.49
-694.45,595.7
-694.45,595.9
-694.45,596.1
-694.44,596.31
-694.44,596.51
-694.44,596.71
-694.44,596.92
-694.44,597.12
-694.44,597.32
-694.43,597.53
-694.43,597.73
-694.43,597.94
-694.43,598.14
-694.43,598.34
-694.43,598.55
-694.43,598.75
-694.42,598.96
-694.42,599.16
-694.42,599.37
-694.42,599.57
-694.42,599.78
-694.42,599.98
-694.41,600.19
-694.41,600.39
-694.41,600.6
-694.41,600.8
-694.41,601.01
-694.4,601.21
-694.4,601.42
-694.4,601.62
-694.4,601.83
-694.4,602.04
-694.39,602.24
-694.39,602.45
-694.39,602.65
-694.39,602.86
-694.38,603.07
-694.38,603.27
-694.38,603.48
-694.38,603.69
-694.38,603.89
-694.38,604.1
-694.37,604.3
-694.37,604.51
-694.37,604.72
-694.37,604.93
-694.37,605.13
-694.36,605.34
-694.36,605.55
-694.36,605.75
-694.36,605.96
-694.36,606.17
-694.35,606.37
-694.35,606.58
-694.35,606.79
-694.35,607
-694.35,607.2
-694.35,607.41
-694.34,607.62
-694.34,607.83
-694.34,608.04
-694.34,608.24
-694.34,608.45
-694.34,608.66
-694.33,608.87
-694.33,609.07
-694.33,609.28
-694.33,609.49
-694.33,609.7
-694.32,609.91
-694.32,610.12
-694.32,610.32
-694.32,610.53
-694.32,610.74
-694.32,610.95
-694.31,611.16
-694.31,611.37
-694.31,611.58
-694.31,611.78
-694.31,611.99
-694.31,612.2
-694.3,612.41
-694.3,612.62
-694.3,612.83
-694.3,613.04
-694.29,613.25
-694.29,613.46
-694.29,613.67
-694.29,613.88
-694.29,614.09
-694.28,614.3
-694.28,614.51
-694.28,614.72
-694.28,614.93
-694.28,615.14
-694.28,615.35
-694.27,615.56
-694.27,615.77
-694.27,615.98
-694.27,616.19
-694.26,616.4
-694.26,616.61
-694.26,616.82
-694.25,617.03
-694.25,617.24
-694.25,617.45
-694.25,617.66
-694.24,617.87
-694.24,618.08
-694.24,618.29
-694.24,618.5
-694.23,618.71
-694.23,618.92
-694.23,619.13
-694.22,619.34
-694.22,619.55
-694.22,619.76
-694.21,619.97
-694.21,620.18
-694.21,620.39
-694.21,620.6
-694.2,620.81
-694.2,621.02
-694.2,621.23
-694.19,621.44
-694.19,621.66
-694.19,621.87
-694.19,622.08
-694.18,622.29
-694.18,622.5
-694.18,622.71
-694.18,622.92
-694.17,623.14
-694.17,623.35
-694.17,623.56
-694.17,623.77
-694.16,623.99
-694.16,624.2
-694.16,624.41
-694.16,624.62
-694.16,624.83
-694.15,625.05
-694.15,625.26
-694.15,625.47
-694.15,625.68
-694.14,625.9
-694.14,626.11
-694.14,626.32
-694.14,626.53
-694.13,626.75
-694.13,626.96
-694.13,627.17
-694.13,627.38
-694.12,627.6
-694.12,627.81
-694.12,628.02
-694.12,628.24
-694.11,628.45
-694.11,628.66
-694.11,628.88
-694.11,629.09
-694.1,629.3
-694.1,629.52
-694.1,629.73
-694.09,629.94
-694.09,630.16
-694.09,630.37
-694.09,630.59
-694.08,630.8
-694.08,631.01
-694.08,631.23
-694.08,631.44
-694.07,631.66
-694.07,631.87
-694.07,632.09
-694.06,632.3
-694.06,632.52
-694.06,632.73
-694.06,632.95
-694.05,633.16
-694.05,633.38
-694.05,633.59
-694.04,633.81
-694.04,634.02
-694.04,634.24
-694.04,634.46
-694.03,634.67
-694.03,634.89
-694.03,635.1
-694.02,635.32
-694.02,635.54
-694.02,635.75
-694.02,635.97
-694.01,636.19
-694.01,636.4
-694.01,636.62
-694.01,636.84
-694,637.06
-694,637.27
-694,637.49
-693.99,637.71
-693.99,637.93
-693.99,638.15
-693.99,638.37
-693.98,638.58
-693.98,638.8
-693.98,639.02
-693.98,639.24
-693.98,639.46
-693.97,639.68
-693.97,639.9
-693.97,640.12
-693.97,640.34
-693.96,640.56
-693.96,640.78
-693.96,641
-693.96,641.22
-693.95,641.44
-693.95,641.66
-693.95,641.88
-693.95,642.1
-693.94,642.32
-693.94,642.54
-693.94,642.76
-693.94,642.98
-693.93,643.21
-693.93,643.43
-693.93,643.65
-693.93,643.87
-693.92,644.09
-693.92,644.31
-693.92,644.54
-693.92,644.76
-693.92,644.98
-693.92,645.2
-693.91,645.43
-693.91,645.65
-693.91,645.87
-693.91,646.09
-693.91,646.32
-693.91,646.54
-693.91,646.76
-693.91,646.98
-693.91,647.21
-693.9,647.43
-693.9,647.65
-693.9,647.88
-693.9,648.1
-693.9,648.33
-693.9,648.55
-693.9,648.77
-693.89,649
-693.89,649.22
-693.89,649.45
-693.89,649.67
-693.89,649.9
-693.88,650.12
-693.88,650.35
-693.88,650.57
-693.88,650.8
-693.87,651.03
-693.87,651.25
-693.87,651.48
-693.87,651.7
-693.87,651.93
-693.86,652.15
-693.86,652.38
-693.86,652.61
-693.86,652.83
-693.85,653.06
-693.85,653.29
-693.85,653.52
-693.85,653.74
-693.84,653.97
-693.84,654.2
-693.84,654.42
-693.84,654.65
-693.84,654.88
-693.83,655.11
-693.83,655.34
-693.83,655.56
-693.83,655.79
-693.82,656.02
-693.82,656.25
-693.82,656.48
-693.82,656.71
-693.81,656.94
-693.81,657.17
-693.81,657.4
-693.81,657.62
-693.81,657.85
-693.8,658.09
-693.8,658.31
-693.8,658.54
-693.8,658.78
-693.79,659
-693.79,659.24
-693.79,659.47
-693.79,659.7
-693.78,659.93
-693.78,660.16
-693.78,660.39
-693.78,660.62
-693.77,660.85
-693.77,661.08
-693.77,661.31
-693.77,661.54
-693.76,661.77
-693.76,662
-693.76,662.23
-693.76,662.47
-693.75,662.7
-693.75,662.93
-693.75,663.16
-693.75,663.39
-693.74,663.62
-693.74,663.86
-693.74,664.09
-693.73,664.32
-693.73,664.55
-693.73,664.79
-693.73,665.02
-693.72,665.25
-693.72,665.48
-693.72,665.72
-693.72,665.95
-693.71,666.18
-693.71,666.41
-693.71,666.64
-693.71,666.88
-693.7,667.11
-693.7,667.34
-693.7,667.57
-693.7,667.81
-693.7,668.04
-693.7,668.27
-693.69,668.51
-693.69,668.74
-693.69,668.97
-693.69,669.2
-693.69,669.44
-693.68,669.67
-693.68,669.9
-693.68,670.14
-693.68,670.37
-693.68,670.6
-693.67,670.84
-693.67,671.07
-693.67,671.3
-693.67,671.54
-693.66,671.77
-693.66,672
-693.66,672.23
-693.66,672.47
-693.66,672.7
-693.65,672.93
-693.65,673.17
-693.65,673.4
-693.65,673.63
-693.65,673.86
-693.65,674.1
-693.64,674.33
-693.64,674.56
-693.64,674.79
-693.64,675.03
-693.64,675.26
-693.64,675.49
-693.64,675.73
-693.64,675.96
-693.64,676.19
-693.63,676.43
-693.63,676.66
-693.63,676.89
-693.63,677.12
-693.63,677.36
-693.63,677.59
-693.62,677.83
-693.62,678.06
-693.62,678.29
-693.62,678.53
-693.62,678.76
-693.61,678.99
-693.61,679.23
-693.61,679.46
-693.61,679.69
-693.61,679.93
-693.61,680.16
-693.61,680.4
-693.6,680.63
-693.6,680.86
-693.6,681.1
-693.6,681.33
-693.6,681.56
-693.6,681.8
-693.6,682.03
-693.6,682.27
-693.59,682.5
-693.59,682.74
-693.59,682.97
-693.59,683.2
-693.59,683.44
-693.59,683.67
-693.59,683.91
-693.59,684.14
-693.59,684.38
-693.59,684.61
-693.59,684.85
-693.59,685.08
-693.59,685.32
-693.58,685.55
-693.58,685.79
-693.58,686.02
-693.58,686.26
-693.58,686.49
-693.58,686.72
-693.58,686.96
-693.58,687.19
-693.58,687.43
-693.58,687.66
-693.58,687.9
-693.58,688.13
-693.58,688.37
-693.58,688.6
-693.58,688.84
-693.58,689.07
-693.57,689.31
-693.57,689.55
-693.57,689.78
-693.57,690.02
-693.57,690.25
-693.57,690.49
-693.57,690.72
-693.57,690.95
-693.57,691.19
-693.57,691.42
-693.57,691.66
-693.56,691.89
-693.56,692.13
-693.56,692.36
-693.56,692.6
-693.56,692.83
-693.56,693.07
-693.56,693.3
-693.56,693.54
-693.56,693.77
-693.56,694.01
-693.56,694.24
-693.56,694.48
-693.56,694.71
-693.56,694.95
-693.56,695.18
-693.56,695.42
-693.56,695.66
-693.56,695.89
-693.56,696.13
-693.56,696.36
-693.56,696.6
-693.56,696.83
-693.56,697.07
-693.56,697.3
-693.56,697.54
-693.56,697.77
-693.56,698.01
-693.56,698.25
-693.56,698.48
-693.56,698.72
-693.56,698.96
-693.56,699.19
-693.56,699.43
-693.56,699.66
-693.56,699.9
-693.56,700.13
-693.56,700.37
-693.57,700.61
-693.57,700.84
-693.57,701.08
-693.57,701.31
-693.57,701.55
-693.57,701.78
-693.57,702.02
-693.57,702.25
-693.57,702.49
-693.58,702.72
-693.58,702.96
-693.58,703.19
-693.58,703.42
-693.58,703.66
-693.58,703.89
-693.59,704.12
-693.59,704.35
-693.59,704.59
-693.59,704.82
-693.59,705.05
-693.6,705.28
-693.6,705.52
-693.6,705.75
-693.6,705.98
-693.6,706.21
-693.6,706.44
-693.61,706.67
-693.61,706.91
-693.61,707.14
-693.61,707.37
-693.61,707.6
-693.61,707.83
-693.62,708.06
-693.62,708.29
-693.62,708.52
-693.62,708.75
-693.62,708.98
-693.63,709.21
-693.63,709.44
-693.63,709.67
-693.63,709.9
-693.63,710.13
-693.64,710.36
-693.64,710.59
-693.64,710.82
-693.64,711.04
-693.64,711.27
-693.65,711.5
-693.65,711.73
-693.65,711.96
-693.65,712.19
-693.65,712.41
-693.66,712.64
-693.66,712.87
-693.66,713.1
-693.66,713.33
-693.66,713.56
-693.66,713.78
-693.67,714.01
-693.67,714.24
-693.67,714.47
-693.67,714.7
-693.67,714.93
-693.67,715.15
-693.67,715.38
-693.67,715.61
-693.67,715.84
-693.68,716.07
-693.68,716.3
-693.68,716.52
-693.68,716.75
-693.68,716.98
-693.68,717.21
-693.68,717.44
-693.68,717.67
-693.68,717.9
-693.68,718.13
-693.68,718.36
-693.68,718.59
-693.68,718.82
-693.69,719.05
-693.69,719.28
-693.69,719.51
-693.69,719.74
-693.69,719.96
-693.69,720.19
-693.69,720.42
-693.69,720.65
-693.69,720.88
-693.69,721.11
-693.68,721.34
-693.68,721.57
-693.68,721.8
-693.68,722.03
-693.68,722.26
-693.68,722.49
-693.67,722.72
-693.67,722.95
-693.67,723.18
-693.67,723.41
-693.67,723.64
-693.66,723.87
-693.66,724.1
-693.66,724.33
-693.66,724.56
-693.66,724.79
-693.66,725.01
-693.66,725.24
-693.66,725.47
-693.66,725.7
-693.66,725.93
-693.66,726.16
-693.66,726.39
-693.66,726.62
-693.65,726.85
-693.65,727.08
-693.65,727.31
-693.65,727.54
-693.65,727.77
-693.65,728
-693.65,728.23
-693.65,728.46
-693.65,728.69
-693.65,728.92
-693.65,729.14
-693.65,729.37
-693.64,729.6
-693.64,729.83
-693.64,730.06
-693.64,730.29
-693.64,730.52
-693.63,730.75
-693.63,730.98
-693.63,731.21
-693.62,731.43
-693.62,731.66
-693.62,731.89
-693.61,732.12
-693.61,732.35
-693.61,732.58
-693.61,732.81
-693.6,733.04
-693.6,733.27
-693.6,733.5
-693.6,733.73
-693.6,733.95
-693.59,734.18
-693.59,734.41
-693.59,734.64
-693.59,734.87
-693.59,735.1
-693.58,735.33
-693.58,735.56
-693.58,735.79
-693.58,736.02
-693.58,736.25
-693.57,736.47
-693.57,736.7
-693.57,736.93
-693.57,737.16
-693.56,737.39
-693.56,737.62
-693.56,737.84
-693.56,738.07
-693.56,738.3
-693.55,738.53
-693.55,738.75
-693.55,738.98
-693.55,739.21
-693.55,739.44
-693.54,739.67
-693.54,739.9
-693.54,740.12
-693.54,740.35
-693.54,740.58
-693.53,740.81
-693.53,741.04
-693.53,741.27
-693.53,741.5
-693.53,741.73
-693.53,741.96
-693.53,742.18
-693.53,742.41
-693.53,742.64
-693.52,742.87
-693.52,743.1
-693.52,743.32
-693.52,743.55
-693.52,743.78
-693.52,744.01
-693.52,744.24
-693.52,744.47
-693.51,744.69
-693.51,744.92
-693.51,745.15
-693.51,745.38
-693.51,745.61
-693.51,745.84
-693.51,746.06
-693.5,746.29
-693.5,746.52
-693.5,746.75
-693.5,746.98
-693.5,747.2
-693.49,747.43
-693.49,747.66
-693.49,747.89
-693.49,748.12
-693.49,748.34
-693.49,748.57
-693.49,748.8
-693.48,749.03
-693.48,749.25
-693.48,749.48
-693.48,749.71
-693.48,749.93
-693.48,750.16
-693.48,750.39
-693.48,750.62
-693.48,750.84
-693.48,751.07
-693.47,751.3
-693.47,751.52
-693.47,751.75
-693.47,751.98
-693.47,752.2
-693.47,752.43
-693.47,752.66
-693.47,752.88
-693.47,753.11
-693.47,753.34
-693.46,753.57
-693.46,753.79
-693.46,754.02
-693.46,754.25
-693.46,754.48
-693.46,754.7
-693.46,754.93
-693.45,755.16
-693.45,755.39
-693.45,755.62
-693.45,755.84
-693.45,756.07
-693.45,756.3
-693.45,756.53
-693.45,756.76
-693.45,756.99
-693.45,757.22
-693.44,757.45
-693.44,757.67
-693.44,757.9
-693.44,758.13
-693.44,758.36
-693.44,758.59
-693.44,758.82
-693.44,759.05
-693.44,759.28
-693.44,759.51
-693.43,759.74
-693.43,759.97
-693.43,760.2
-693.43,760.43
-693.43,760.66
-693.43,760.89
-693.43,761.12
-693.42,761.35
-693.42,761.58
-693.42,761.81
-693.42,762.04
-693.42,762.27
-693.42,762.5
-693.41,762.74
-693.41,762.97
-693.41,763.2
-693.41,763.43
-693.41,763.66
-693.41,763.9
-693.41,764.13
-693.4,764.36
-693.4,764.59
-693.4,764.82
-693.4,765.06
-693.4,765.29
-693.4,765.52
-693.39,765.75
-693.39,765.99
-693.39,766.22
-693.39,766.45
-693.39,766.69
-693.38,766.92
-693.38,767.15
-693.38,767.39
-693.38,767.62
-693.38,767.86
-693.37,768.09
-693.37,768.33
-693.37,768.56
-693.37,768.8
-693.37,769.03
-693.36,769.26
-693.36,769.5
-693.36,769.73
-693.36,769.97
-693.36,770.2
-693.35,770.44
-693.35,770.67
-693.35,770.91
-693.35,771.15
-693.34,771.38
-693.34,771.62
-693.34,771.85
-693.34,772.09
-693.33,772.33
-693.33,772.56
-693.33,772.8
-693.33,773.04
-693.32,773.27
-693.32,773.51
-693.32,773.75
-693.32,773.98
-693.31,774.22
-693.31,774.46
-693.31,774.69
-693.3,774.93
-693.3,775.17
-693.3,775.4
-693.3,775.64
-693.29,775.88
-693.29,776.11
-693.29,776.35
-693.28,776.59
-693.28,776.82
-693.28,777.06
-693.28,777.3
-693.27,777.54
-693.27,777.77
-693.27,778.01
-693.27,778.24
-693.27,778.48
-693.26,778.72
-693.26,778.95
-693.26,779.19
-693.26,779.42
-693.25,779.66
-693.25,779.89
-693.25,780.13
-693.25,780.36
-693.25,780.6
-693.25,780.83
-693.24,781.06
-693.24,781.3
-693.24,781.53
-693.24,781.77
-693.24,782
-693.24,782.23
-693.23,782.47
-693.23,782.7
-693.23,782.94
-693.23,783.17
-693.23,783.4
-693.23,783.64
-693.23,783.87
-693.23,784.11
-693.23,784.34
-693.23,784.57
-693.23,784.8
-693.23,785.04
-693.23,785.27
-693.22,785.5
-693.22,785.73
-693.22,785.96
-693.22,786.19
-693.22,786.43
-693.22,786.66
-693.22,786.89
-693.22,787.12
-693.22,787.35
-693.22,787.58
-693.21,787.81
-693.21,788.05
-693.21,788.28
-693.21,788.51
-693.21,788.74
-693.21,788.97
-693.21,789.2
-693.21,789.44
-693.21,789.67
-693.21,789.9
-693.21,790.13
-693.21,790.36
-693.21,790.59
-693.21,790.83
-693.21,791.06
-693.21,791.29
-693.21,791.52
-693.21,791.75
-693.21,791.98
-693.21,792.21
-693.2,792.44
-693.2,792.68
-693.2,792.91
-693.2,793.14
-693.2,793.37
-693.2,793.6
-693.2,793.83
-693.2,794.06
-693.2,794.3
-693.2,794.53
-693.2,794.76
-693.2,794.99
-693.2,795.22
-693.2,795.45
-693.2,795.69
-693.2,795.92
-693.2,796.15
-693.2,796.38
-693.2,796.62
-693.2,796.85
-693.2,797.08
-693.2,797.31
-693.2,797.55
-693.2,797.78
-693.2,798.01
-693.2,798.25
-693.2,798.48
-693.2,798.71
-693.2,798.95
-693.2,799.18
-693.2,799.41
-693.2,799.65
-693.2,799.88
-693.2,800.11
-693.2,800.35
-693.19,800.58
-693.19,800.82
-693.19,801.05
-693.19,801.28
-693.19,801.52
-693.19,801.75
-693.19,801.99
-693.19,802.22
-693.19,802.46
-693.19,802.69
-693.19,802.93
-693.19,803.16
-693.19,803.4
-693.19,803.63
-693.19,803.87
-693.19,804.11
-693.19,804.34
-693.18,804.58
-693.18,804.82
-693.18,805.05
-693.18,805.29
-693.18,805.53
-693.18,805.76
-693.17,806
-693.17,806.24
-693.17,806.47
-693.17,806.71
-693.17,806.95
-693.17,807.18
-693.17,807.42
-693.17,807.66
-693.17,807.89
-693.16,808.13
-693.16,808.37
-693.16,808.6
-693.16,808.84
-693.16,809.07
-693.16,809.31
-693.16,809.54
-693.16,809.78
-693.16,810.01
-693.16,810.25
-693.16,810.49
-693.16,810.72
-693.16,810.96
-693.16,811.19
-693.16,811.43
-693.16,811.66
-693.16,811.9
-693.16,812.13
-693.16,812.36
-693.16,812.6
-693.16,812.83
-693.16,813.07
-693.16,813.3
-693.16,813.54
-693.16,813.77
-693.16,814.01
-693.16,814.24
-693.17,814.47
-693.17,814.71
-693.17,814.94
-693.17,815.17
-693.17,815.41
-693.17,815.64
-693.17,815.87
-693.17,816.11
-693.18,816.34
-693.18,816.57
-693.18,816.8
-693.18,817.03
-693.19,817.27
-693.19,817.5
-693.19,817.73
-693.19,817.96
-693.2,818.2
-693.2,818.43
-693.2,818.66
-693.21,818.9
-693.21,819.13
-693.22,819.36
-693.22,819.6
-693.23,819.83
-693.23,820.06
-693.24,820.3
-693.24,820.53
-693.25,820.77
-693.25,821
-693.26,821.23
-693.26,821.47
-693.27,821.7
-693.27,821.93
-693.28,822.16
-693.28,822.39
-693.29,822.63
-693.29,822.86
-693.3,823.09
-693.3,823.33
-693.31,823.56
-693.32,823.79
-693.33,824.03
-693.33,824.26
-693.34,824.49
-693.35,824.73
-693.36,824.96
-693.37,825.19
-693.37,825.43
-693.38,825.66
-693.39,825.89
-693.4,826.13
-693.41,826.36
-693.42,826.6
-693.42,826.83
-693.43,827.06
-693.44,827.3
-693.45,827.53
-693.46,827.76
-693.47,828
-693.48,828.23
-693.49,828.47
-693.5,828.7
-693.51,828.93
-693.52,829.17
-693.53,829.4
-693.53,829.63
-693.54,829.86
-693.55,830.1
-693.56,830.33
-693.57,830.56
-693.58,830.8
-693.59,831.03
-693.6,831.26
-693.61,831.49
-693.62,831.72
-693.63,831.95
-693.64,832.19
-693.65,832.42
-693.66,832.65
-693.67,832.88
-693.68,833.11
-693.7,833.34
-693.71,833.58
-693.72,833.81
-693.73,834.04
-693.74,834.27
-693.75,834.5
-693.76,834.74
-693.77,834.97
-693.78,835.2
-693.79,835.43
-693.8,835.66
-693.81,835.89
-693.82,836.12
-693.83,836.35
-693.84,836.58
-693.85,836.81
-693.85,837.04
-693.87,837.27
-693.87,837.5
-693.88,837.73
-693.89,837.96
-693.9,838.18
-693.91,838.41
-693.92,838.64
-693.93,838.87
-693.94,839.1
-693.95,839.32
-693.96,839.55
-693.97,839.78
-693.98,840.01
-693.99,840.23
-694,840.46
-694.01,840.69
-694.02,840.91
-694.03,841.14
-694.04,841.37
-694.05,841.59
-694.06,841.82
-694.07,842.05
-694.08,842.27
-694.09,842.5
-694.11,842.72
-694.12,842.95
-694.13,843.17
-694.14,843.4
-694.15,843.63
-694.16,843.85
-694.17,844.07
-694.18,844.3
-694.2,844.52
-694.21,844.75
-694.22,844.97
-694.23,845.19
-694.24,845.42
-694.26,845.64
-694.27,845.86
-694.28,846.09
-694.3,846.31
-694.31,846.53
-694.33,846.75
-694.34,846.97
-694.35,847.19
-694.37,847.41
-694.38,847.63
-694.39,847.85
-694.41,848.07
-694.42,848.29
-694.43,848.51
-694.45,848.73
-694.46,848.95
-694.47,849.16
-694.48,849.38
-694.49,849.6
-694.51,849.81
-694.52,850.03
-694.53,850.25
-694.54,850.46
-694.56,850.68
-694.57,850.89
-694.58,851.11
-694.59,851.33
-694.6,851.54
-694.61,851.75
-694.62,851.97
-694.63,852.18
-694.64,852.4
-694.66,852.61
-694.67,852.83
-694.68,853.04
-694.69,853.26
-694.7,853.47
-694.72,853.68
-694.73,853.9
-694.74,854.11
-694.75,854.33
-694.77,854.54
-694.78,854.75
-694.79,854.96
-694.8,855.18
-694.82,855.39
-694.83,855.6
-694.84,855.82
-694.86,856.03
-694.87,856.24
-694.88,856.45
-694.89,856.67
-694.91,856.88
-694.92,857.09
-694.93,857.3
-694.94,857.51
-694.96,857.72
-694.97,857.93
-694.98,858.14
-695,858.35
-695.01,858.56
-695.03,858.77
-695.04,858.98
-695.05,859.19
-695.07,859.4
-695.08,859.61
-695.1,859.81
-695.11,860.02
-695.13,860.23
-695.15,860.44
-695.16,860.64
-695.18,860.85
-695.19,861.06
-695.21,861.27
-695.23,861.47
-695.24,861.68
-695.26,861.89
-695.28,862.09
-695.3,862.3
-695.31,862.5
-695.33,862.71
-695.35,862.91
-695.37,863.11
-695.38,863.32
-695.4,863.52
-695.42,863.73
-695.44,863.93
-695.46,864.13
-695.48,864.34
-695.49,864.54
-695.51,864.74
-695.53,864.95
-695.55,865.15
-695.57,865.35
-695.59,865.56
-695.6,865.76
-695.62,865.96
-695.64,866.17
-695.65,866.37
-695.67,866.57
-695.69,866.77
-695.7,866.97
-695.72,867.17
-695.74,867.38
-695.75,867.58
-695.77,867.78
-695.79,867.98
-695.8,868.18
-695.82,868.38
-695.84,868.58
-695.86,868.78
-695.88,868.98
-695.89,869.18
-695.91,869.38
-695.93,869.58
-695.95,869.79
-695.97,869.99
-695.98,870.19
-696,870.39
-696.02,870.59
-696.04,870.79
-696.06,870.98
-696.08,871.18
-696.1,871.48
-696.13,871.78
-696.16,872.08
-696.19,872.37
-696.22,872.67
-696.24,872.96
-696.27,873.26
-696.3,873.55
-696.32,873.84
-696.35,874.13
-696.37,874.42
-696.4,874.71
-696.42,875
-696.45,875.29
-696.47,875.58
-696.5,875.87
-696.52,876.16
-696.55,876.45
-696.58,876.74
-696.6,877.02
-696.63,877.31
-696.66,877.6
-696.68,877.88
-696.71,878.17
-696.74,878.45
-696.76,878.73
-696.79,879.01
-696.81,879.29
-696.84,879.57
-696.86,879.85
-696.89,880.12
-696.92,880.4
-696.94,880.68
-696.97,880.96
-697,881.23
-697.03,881.51
-697.05,881.78
-697.08,882.06
-697.11,882.33
-697.14,882.61
-697.16,882.88
-697.19,883.15
-697.22,883.43
-697.25,883.7
-697.28,883.97
-697.3,884.24
-697.33,884.51
-697.36,884.78
-697.39,885.05
-697.42,885.32
-697.45,885.58
-697.47,885.85
-697.5,886.12
-697.53,886.38
-697.56,886.65
-697.59,886.91
-697.61,887.17
-697.64,887.43
-697.67,887.69
-697.7,887.95
-697.73,888.21
-697.76,888.47
-697.79,888.72
-697.82,888.98
-697.86,889.23
-697.89,889.49
-697.92,889.74
-697.95,889.99
-697.98,890.24
-698.02,890.49
-698.05,890.74
-698.08,890.99
-698.11,891.24
-698.14,891.49
-698.17,891.74
-698.2,891.99
-698.23,892.23
-698.26,892.48
-698.29,892.73
-698.32,892.97
-698.35,893.22
-698.38,893.47
-698.41,893.72
-698.44,893.96
-698.47,894.21
-698.5,894.45
-698.53,894.7
-698.56,894.94
-698.59,895.19
-698.62,895.43
-698.65,895.68
-698.68,895.92
-698.71,896.17
-698.74,896.42
-698.77,896.66
-698.8,896.9
-698.82,897.14
-698.85,897.39
-698.88,897.63
-698.91,897.87
-698.94,898.11
-698.98,898.35
-699.01,898.59
-699.04,898.83
-699.07,899.07
-699.1,899.3
-699.14,899.54
-699.17,899.77
-699.2,900
-699.24,900.24
-699.27,900.47
-699.31,900.7
-699.34,900.93
-699.38,901.16
-699.41,901.39
-699.45,901.62
-699.48,901.85
-699.52,902.07
-699.55,902.3
-699.58,902.52
-699.61,902.75
-699.65,902.97
-699.68,903.19
-699.71,903.42
-699.74,903.64
-699.77,903.86
-699.8,904.08
-699.83,904.3
-699.86,904.52
-699.89,904.74
-699.92,904.96
-699.95,905.18
-699.98,905.4
-700.01,905.62
-700.04,905.83
-700.07,906.05
-700.1,906.26
-700.12,906.47
-700.15,906.69
-700.18,906.9
-700.21,907.11
-700.24,907.32
-700.26,907.53
-700.29,907.74
-700.32,907.95
-700.35,908.16
-700.37,908.37
-700.4,908.58
-700.42,908.78
-700.45,908.99
-700.48,909.2
-700.51,909.4
-700.53,909.61
-700.56,909.81
-700.59,910.01
-700.62,910.22
-700.65,910.42
-700.68,910.62
-700.71,910.82
-700.74,911.02
-700.76,911.22
-700.79,911.42
-700.82,911.62
-700.85,911.88
-700.89,912.14
-700.93,912.4
-700.96,912.66
-701,912.91
-701.04,913.17
-701.07,913.42
-701.11,913.68
-701.14,913.93
-701.18,914.19
-701.22,914.44
-701.25,914.69
-701.29,914.94
-701.32,915.18
-701.36,915.42
-701.39,915.67
-701.43,915.91
-701.47,916.15
-701.5,916.39
-701.54,916.63
-701.57,916.86
-701.61,917.1
-701.65,917.34
-701.69,917.57
-701.72,917.8
-701.76,918.04
-701.8,918.27
-701.84,918.5
-701.88,918.73
-701.92,918.95
-701.96,919.18
-702,919.4
-702.04,919.62
-702.07,919.85
-702.11,920.07
-702.15,920.29
-702.18,920.5
-702.22,920.72
-702.26,920.94
-702.3,921.15
-702.34,921.37
-702.38,921.58
-702.43,921.79
-702.47,922
-702.52,922.2
-702.56,922.41
-702.61,922.61
-702.65,922.81
-702.7,923.01
-702.75,923.21
-702.8,923.41
-702.85,923.6
-702.91,923.84
-702.98,924.08
-703.05,924.31
-703.11,924.54
-703.17,924.77
-703.24,924.99
-703.29,925.21
-703.36,925.43
-703.42,925.64
-703.48,925.85
-703.54,926.06
-703.6,926.25
-703.66,926.45
-703.73,926.67
-703.79,926.89
-703.85,927.1
-703.91,927.3
-703.98,927.52
-704.04,927.73
-704.1,927.92
-704.16,928.13
-704.23,928.32
-704.29,928.51
-704.35,928.72
-704.42,928.91
-704.49,929.11
-704.56,929.3
