-727.05,938.98
-727.01,938.77
-726.97,938.57
-726.93,938.36
-726.89,938.15
-726.85,937.95
-726.81,937.74
-726.77,937.53
-726.74,937.33
-726.7,937.12
-726.66,936.91
-726.62,936.7
-726.58,936.5
-726.54,936.29
-726.5,936.08
-726.47,935.88
-726.43,935.67
-726.39,935.46
-726.35,935.26
-726.32,935.05
-726.28,934.84
-726.24,934.64
-726.21,934.43
-726.17,934.22
-726.13,934.02
-726.1,933.81
-726.06,933.6
-726.03,933.4
-725.99,933.19
-725.96,932.98
-725.92,932.78
-725.89,932.57
-725.85,932.36
-725.82,932.15
-725.78,931.95
-725.75,931.74
-725.71,931.53
-725.68,931.33
-725.64,931.12
-725.61,930.91
-725.58,930.71
-725.54,930.5
-725.51,930.3
-725.47,930.09
-725.43,929.89
-725.4,929.69
-725.36,929.48
-725.32,929.28
-725.29,929.07
-725.25,928.87
-725.21,928.67
-725.18,928.46
-725.14,928.26
-725.11,928.06
-725.07,927.85
-725.04,927.65
-725,927.45
-724.97,927.24
-724.94,927.04
-724.9,926.83
-724.87,926.63
-724.83,926.43
-724.8,926.22
-724.77,926.02
-724.74,925.81
-724.7,925.61
-724.67,925.4
-724.64,925.2
-724.6,924.99
-724.57,924.79
-724.54,924.58
-724.5,924.38
-724.47,924.17
-724.44,923.97
-724.41,923.77
-724.38,923.56
-724.34,923.36
-724.31,923.15
-724.28,922.94
-724.25,922.74
-724.22,922.53
-724.19,922.33
-724.15,922.12
-724.12,921.92
-724.09,921.71
-724.06,921.5
-724.03,921.3
-724,921.09
-723.96,920.88
-723.93,920.68
-723.9,920.47
-723.87,920.26
-723.84,920.06
-723.81,919.85
-723.77,919.65
-723.74,919.44
-723.71,919.23
-723.68,919.03
-723.65,918.82
-723.62,918.61
-723.59,918.41
-723.55,918.2
-723.52,917.99
-723.49,917.78
-723.46,917.58
-723.43,917.37
-723.4,917.16
-723.36,916.96
-723.33,916.75
-723.3,916.54
-723.27,916.33
-723.24,916.12
-723.2,915.92
-723.17,915.71
-723.14,915.5
-723.11,915.29
-723.08,915.08
-723.04,914.87
-723.01,914.67
-722.98,914.46
-722.95,914.25
-722.92,914.04
-722.88,913.83
-722.85,913.62
-722.82,913.41
-722.79,913.2
-722.76,912.99
-722.73,912.78
-722.7,912.58
-722.66,912.37
-722.63,912.16
-722.6,911.95
-722.57,911.74
-722.54,911.53
-722.51,911.32
-722.47,911.11
-722.44,910.9
-722.41,910.7
-722.38,910.49
-722.35,910.28
-722.31,910.07
-722.28,909.86
-722.25,909.65
-722.22,909.44
-722.19,909.23
-722.15,909.02
-722.12,908.81
-722.09,908.6
-722.06,908.38
-722.03,908.17
-722,907.96
-721.96,907.75
-721.93,907.54
-721.9,907.33
-721.87,907.12
-721.84,906.91
-721.81,906.7
-721.77,906.49
-721.74,906.28
-721.71,906.07
-721.68,905.85
-721.65,905.64
-721.62,905.43
-721.59,905.22
-721.55,905.01
-721.52,904.8
-721.49,904.58
-721.46,904.37
-721.43,904.16
-721.4,903.95
-721.37,903.74
-721.34,903.52
-721.31,903.31
-721.27,903.1
-721.24,902.89
-721.21,902.68
-721.18,902.46
-721.15,902.25
-721.12,902.04
-721.09,901.83
-721.06,901.61
-721.03,901.4
-720.99,901.19
-720.96,900.98
-720.93,900.76
-720.9,900.55
-720.87,900.34
-720.84,900.12
-720.81,899.91
-720.78,899.7
-720.75,899.49
-720.72,899.27
-720.69,899.06
-720.66,898.85
-720.62,898.64
-720.59,898.42
-720.56,898.21
-720.53,898
-720.5,897.78
-720.47,897.57
-720.44,897.36
-720.41,897.15
-720.38,896.93
-720.35,896.72
-720.32,896.5
-720.29,896.29
-720.26,896.08
-720.22,895.86
-720.19,895.65
-720.16,895.43
-720.13,895.22
-720.1,895
-720.07,894.79
-720.04,894.57
-720.01,894.36
-719.98,894.15
-719.95,893.93
-719.92,893.72
-719.88,893.51
-719.85,893.29
-719.82,893.08
-719.79,892.87
-719.76,892.65
-719.73,892.44
-719.7,892.23
-719.67,892.01
-719.64,891.8
-719.61,891.58
-719.58,891.37
-719.55,891.16
-719.53,890.94
-719.5,890.73
-719.47,890.51
-719.44,890.3
-719.41,890.08
-719.38,889.87
-719.35,889.66
-719.32,889.44
-719.29,889.23
-719.26,889.01
-719.23,888.8
-719.2,888.58
-719.17,888.37
-719.14,888.15
-719.12,887.94
-719.09,887.73
-719.06,887.51
-719.03,887.29
-719,887.08
-718.97,886.86
-718.94,886.65
-718.91,886.43
-718.88,886.22
-718.85,886
-718.82,885.79
-718.8,885.57
-718.77,885.35
-718.74,885.14
-718.71,884.92
-718.68,884.71
-718.65,884.49
-718.62,884.27
-718.6,884.06
-718.57,883.84
-718.54,883.62
-718.51,883.41
-718.48,883.19
-718.46,882.97
-718.43,882.75
-718.4,882.54
-718.37,882.32
-718.34,882.1
-718.32,881.88
-718.29,881.66
-718.26,881.45
-718.24,881.23
-718.21,881.01
-718.18,880.79
-718.15,880.57
-718.13,880.35
-718.1,880.14
-718.07,879.92
-718.05,879.7
-718.02,879.48
-717.99,879.26
-717.97,879.04
-717.94,878.82
-717.91,878.6
-717.89,878.38
-717.86,878.16
-717.83,877.94
-717.81,877.72
-717.78,877.5
-717.75,877.28
-717.73,877.06
-717.7,876.84
-717.67,876.63
-717.65,876.4
-717.62,876.18
-717.59,875.96
-717.57,875.74
-717.54,875.52
-717.52,875.3
-717.49,875.08
-717.46,874.86
-717.44,874.64
-717.41,874.41
-717.39,874.19
-717.36,873.97
-717.33,873.75
-717.31,873.53
-717.28,873.3
-717.26,873.08
-717.23,872.86
-717.21,872.63
-717.18,872.41
-717.16,872.19
-717.13,871.97
-717.11,871.74
-717.09,871.52
-717.06,871.3
-717.04,871.07
-717.01,870.85
-716.99,870.62
-716.96,870.4
-716.94,870.18
-716.91,869.95
-716.89,869.73
-716.87,869.5
-716.84,869.28
-716.82,869.05
-716.8,868.83
-716.77,868.6
-716.75,868.38
-716.73,868.15
-716.71,867.93
-716.68,867.7
-716.66,867.48
-716.64,867.25
-716.62,867.03
-716.6,866.8
-716.58,866.57
-716.55,866.35
-716.53,866.12
-716.51,865.9
-716.49,865.67
-716.47,865.44
-716.45,865.22
-716.43,864.99
-716.41,864.77
-716.39,864.54
-716.37,864.31
-716.35,864.09
-716.33,863.86
-716.31,863.63
-716.29,863.41
-716.27,863.18
-716.25,862.95
-716.23,862.73
-716.21,862.5
-716.2,862.27
-716.18,862.05
-716.16,861.82
-716.14,861.59
-716.12,861.36
-716.1,861.14
-716.09,860.91
-716.07,860.68
-716.05,860.45
-716.03,860.22
-716.01,859.99
-716,859.76
-715.98,859.53
-715.96,859.31
-715.94,859.08
-715.92,858.85
-715.91,858.62
-715.89,858.39
-715.87,858.16
-715.86,857.93
-715.84,857.71
-715.82,857.48
-715.81,857.25
-715.79,857.02
-715.77,856.79
-715.76,856.56
-715.74,856.33
-715.73,856.1
-715.71,855.87
-715.7,855.64
-715.68,855.41
-715.66,855.18
-715.65,854.95
-715.63,854.72
-715.61,854.49
-715.6,854.26
-715.58,854.03
-715.57,853.8
-715.55,853.57
-715.54,853.34
-715.52,853.11
-715.5,852.88
-715.49,852.65
-715.47,852.42
-715.46,852.19
-715.44,851.95
-715.43,851.72
-715.42,851.49
-715.4,851.26
-715.39,851.03
-715.37,850.8
-715.36,850.57
-715.34,850.34
-715.33,850.11
-715.31,849.88
-715.3,849.65
-715.29,849.42
-715.27,849.19
-715.26,848.96
-715.24,848.73
-715.23,848.5
-715.22,848.26
-715.2,848.03
-715.19,847.8
-715.18,847.57
-715.17,847.34
-715.15,847.11
-715.14,846.88
-715.13,846.65
-715.12,846.42
-715.1,846.19
-715.09,845.96
-715.08,845.73
-715.07,845.5
-715.06,845.27
-715.05,845.04
-715.04,844.81
-715.03,844.58
-715.01,844.35
-715,844.12
-714.99,843.89
-714.98,843.66
-714.97,843.43
-714.96,843.2
-714.95,842.96
-714.94,842.73
-714.93,842.5
-714.92,842.27
-714.91,842.04
-714.9,841.81
-714.89,841.58
-714.88,841.35
-714.87,841.12
-714.86,840.89
-714.85,840.66
-714.84,840.43
-714.83,840.2
-714.82,839.97
-714.81,839.74
-714.81,839.51
-714.8,839.28
-714.79,839.05
-714.78,838.82
-714.77,838.59
-714.76,838.36
-714.76,838.13
-714.75,837.9
-714.74,837.67
-714.73,837.44
-714.73,837.21
-714.72,836.98
-714.71,836.75
-714.71,836.52
-714.7,836.29
-714.69,836.06
-714.68,835.83
-714.67,835.6
-714.67,835.37
-714.66,835.14
-714.65,834.91
-714.64,834.68
-714.64,834.45
-714.63,834.22
-714.62,833.99
-714.62,833.76
-714.61,833.54
-714.6,833.31
-714.59,833.08
-714.59,832.85
-714.58,832.62
-714.57,832.39
-714.56,832.16
-714.56,831.93
-714.55,831.7
-714.54,831.47
-714.53,831.24
-714.52,831.01
-714.52,830.78
-714.51,830.56
-714.5,830.33
-714.49,830.1
-714.49,829.87
-714.48,829.64
-714.47,829.41
-714.47,829.19
-714.46,828.96
-714.45,828.73
-714.45,828.5
-714.44,828.28
-714.43,828.05
-714.43,827.82
-714.42,827.59
-714.41,827.36
-714.41,827.14
-714.4,826.91
-714.39,826.68
-714.39,826.46
-714.38,826.23
-714.38,826
-714.37,825.78
-714.37,825.55
-714.36,825.33
-714.36,825.1
-714.35,824.88
-714.34,824.65
-714.34,824.43
-714.33,824.2
-714.33,823.98
-714.32,823.75
-714.32,823.53
-714.31,823.3
-714.31,823.08
-714.31,822.85
-714.3,822.63
-714.3,822.41
-714.29,822.18
-714.29,821.96
-714.28,821.74
-714.28,821.51
-714.27,821.29
-714.27,821.07
-714.26,820.85
-714.26,820.62
-714.25,820.4
-714.25,820.18
-714.24,819.96
-714.24,819.73
-714.23,819.51
-714.23,819.29
-714.22,819.07
-714.22,818.85
-714.22,818.63
-714.21,818.41
-714.21,818.18
-714.2,817.96
-714.2,817.74
-714.19,817.52
-714.19,817.3
-714.18,817.08
-714.18,816.86
-714.17,816.64
-714.17,816.42
-714.17,816.2
-714.16,815.98
-714.16,815.76
-714.15,815.54
-714.15,815.32
-714.15,815.1
-714.14,814.88
-714.14,814.66
-714.13,814.44
-714.13,814.22
-714.13,814
-714.12,813.78
-714.12,813.57
-714.12,813.35
-714.11,813.13
-714.11,812.91
-714.11,812.69
-714.11,812.48
-714.1,812.26
-714.1,812.04
-714.1,811.82
-714.09,811.61
-714.09,811.39
-714.09,811.17
-714.08,810.96
-714.08,810.74
-714.08,810.53
-714.08,810.31
-714.07,810.09
-714.07,809.88
-714.07,809.66
-714.07,809.45
-714.07,809.23
-714.06,809.02
-714.06,808.8
-714.06,808.59
-714.06,808.37
-714.05,808.16
-714.05,807.94
-714.05,807.73
-714.05,807.51
-714.04,807.3
-714.04,807.09
-714.04,806.87
-714.04,806.66
-714.04,806.45
-714.03,806.23
-714.03,806.02
-714.03,805.81
-714.03,805.59
-714.03,805.38
-714.03,805.17
-714.02,804.96
-714.02,804.74
-714.02,804.53
-714.02,804.32
-714.02,804.11
-714.02,803.89
-714.01,803.68
-714.01,803.47
-714.01,803.26
-714.01,803.05
-714.01,802.83
-714.01,802.62
-714.01,802.41
-714,802.2
-714,801.99
-714,801.78
-714,801.57
-714,801.36
-714,801.15
-714,800.94
-714,800.73
-714,800.52
-713.99,800.31
-713.99,800.1
-713.99,799.89
-713.99,799.68
-713.99,799.47
-713.99,799.26
-713.99,799.05
-713.98,798.85
-713.98,798.64
-713.98,798.43
-713.98,798.22
-713.98,798.01
-713.98,797.8
-713.98,797.6
-713.97,797.39
-713.97,797.18
-713.97,796.97
-713.97,796.77
-713.97,796.56
-713.97,796.35
-713.97,796.15
-713.97,795.94
-713.97,795.73
-713.97,795.53
-713.97,795.32
-713.97,795.12
-713.97,794.91
-713.97,794.7
-713.96,794.5
-713.96,794.3
-713.96,794.09
-713.96,793.89
-713.96,793.68
-713.96,793.48
-713.96,793.27
-713.96,793.07
-713.95,792.87
-713.95,792.66
-713.95,792.46
-713.95,792.25
-713.95,792.05
-713.95,791.85
-713.95,791.64
-713.95,791.44
-713.95,791.24
-713.95,791.04
-713.94,790.84
-713.94,790.63
-713.94,790.43
-713.94,790.23
-713.94,790.03
-713.94,789.83
-713.94,789.63
-713.94,789.42
-713.94,789.22
-713.94,789.02
-713.94,788.82
-713.94,788.62
-713.94,788.42
-713.94,788.22
-713.94,788.02
-713.93,787.72
-713.93,787.42
-713.93,787.12
-713.93,786.82
-713.93,786.52
-713.93,786.22
-713.93,785.93
-713.93,785.63
-713.93,785.33
-713.93,785.03
-713.92,784.74
-713.92,784.44
-713.92,784.15
-713.92,783.85
-713.92,783.56
-713.92,783.26
-713.92,782.96
-713.92,782.67
-713.92,782.37
-713.92,782.08
-713.92,781.78
-713.92,781.49
-713.92,781.19
-713.92,780.9
-713.93,780.6
-713.93,780.31
-713.93,780.01
-713.93,779.72
-713.93,779.43
-713.93,779.13
-713.93,778.84
-713.94,778.54
-713.94,778.25
-713.94,777.95
-713.94,777.66
-713.94,777.36
-713.95,777.07
-713.95,776.77
-713.95,776.48
-713.95,776.18
-713.95,775.89
-713.95,775.6
-713.95,775.3
-713.96,775.01
-713.96,774.72
-713.96,774.42
-713.96,774.13
-713.97,773.84
-713.97,773.55
-713.97,773.26
-713.97,772.97
-713.98,772.67
-713.98,772.38
-713.98,772.09
-713.99,771.81
-713.99,771.52
-713.99,771.23
-713.99,770.94
-713.99,770.65
-714,770.36
-714,770.08
-714,769.79
-714,769.51
-714,769.22
-714,768.93
-714.01,768.65
-714.01,768.36
-714.01,768.08
-714.01,767.8
-714.01,767.51
-714.01,767.23
-714.02,766.95
-714.02,766.66
-714.02,766.38
-714.02,766.1
-714.02,765.81
-714.03,765.53
-714.03,765.25
-714.03,764.97
-714.03,764.69
-714.03,764.4
-714.03,764.12
-714.03,763.84
-714.04,763.55
-714.04,763.27
-714.04,762.99
-714.04,762.71
-714.05,762.42
-714.05,762.14
-714.05,761.86
-714.05,761.58
-714.05,761.3
-714.05,761.02
-714.05,760.73
-714.05,760.45
-714.05,760.17
-714.05,759.89
-714.06,759.6
-714.06,759.32
-714.06,759.04
-714.06,758.76
-714.06,758.47
-714.05,758.19
-714.05,757.91
-714.05,757.63
-714.05,757.35
-714.05,757.07
-714.04,756.79
-714.04,756.51
-714.04,756.23
-714.04,755.95
-714.05,755.67
-714.05,755.39
-714.05,755.11
-714.05,754.83
-714.04,754.55
-714.04,754.27
-714.04,753.99
-714.04,753.71
-714.04,753.43
-714.04,753.15
-714.04,752.87
-714.03,752.59
-714.03,752.31
-714.03,752.03
-714.03,751.75
-714.03,751.47
-714.03,751.19
-714.03,750.9
-714.03,750.62
-714.03,750.34
-714.03,750.06
-714.03,749.78
-714.03,749.5
-714.03,749.22
-714.03,748.94
-714.02,748.66
-714.02,748.38
-714.03,748.1
-714.03,747.82
-714.03,747.54
-714.03,747.26
-714.03,746.98
-714.03,746.71
-714.03,746.43
-714.03,746.15
-714.04,745.87
-714.04,745.59
-714.05,745.31
-714.05,745.04
-714.05,744.76
-714.05,744.49
-714.06,744.21
-714.06,743.94
-714.06,743.67
-714.06,743.4
-714.06,743.13
-714.06,742.85
-714.06,742.58
-714.06,742.31
-714.06,742.04
-714.06,741.77
-714.06,741.49
-714.06,741.22
-714.06,740.95
-714.07,740.69
-714.07,740.42
-714.07,740.15
-714.07,739.88
-714.07,739.61
-714.07,739.35
-714.07,739.08
-714.07,738.82
-714.07,738.55
-714.07,738.29
-714.06,738.03
-714.07,737.76
-714.07,737.5
-714.07,737.23
-714.07,736.97
-714.07,736.7
-714.07,736.44
-714.07,736.18
-714.08,735.91
-714.08,735.65
-714.08,735.39
-714.08,735.12
-714.08,734.86
-714.08,734.6
-714.08,734.34
-714.09,734.08
-714.09,733.82
-714.09,733.56
-714.09,733.29
-714.1,733.03
-714.1,732.77
-714.1,732.51
-714.1,732.24
-714.11,731.98
-714.11,731.71
-714.11,731.45
-714.11,731.18
-714.12,730.92
-714.12,730.65
-714.12,730.38
-714.12,730.11
-714.12,729.84
-714.13,729.57
-714.13,729.3
-714.13,729.03
-714.13,728.76
-714.13,728.49
-714.13,728.22
-714.13,727.94
-714.13,727.67
-714.14,727.39
-714.14,727.12
-714.14,726.84
-714.14,726.57
-714.14,726.29
-714.14,726.02
-714.14,725.74
-714.14,725.46
-714.14,725.18
-714.15,724.91
-714.15,724.63
-714.15,724.35
-714.15,724.07
-714.15,723.79
-714.15,723.51
-714.15,723.23
-714.15,722.95
-714.15,722.67
-714.15,722.39
-714.14,722.11
-714.14,721.83
-714.14,721.54
-714.14,721.26
-714.14,720.98
-714.14,720.7
-714.14,720.41
-714.14,720.13
-714.14,719.84
-714.14,719.56
-714.14,719.27
-714.14,718.99
-714.13,718.7
-714.13,718.41
-714.13,718.13
-714.13,717.84
-714.13,717.55
-714.13,717.26
-714.13,716.97
-714.12,716.69
-714.12,716.4
-714.12,716.11
-714.12,715.82
-714.12,715.53
-714.12,715.24
-714.12,714.95
-714.12,714.66
-714.12,714.37
-714.12,714.08
-714.12,713.79
-714.12,713.5
-714.13,713.21
-714.13,712.92
-714.13,712.62
-714.13,712.33
-714.14,712.04
-714.14,711.74
-714.14,711.44
-714.14,711.14
-714.14,710.84
-714.14,710.54
-714.14,710.25
-714.15,709.95
-714.15,709.65
-714.15,709.35
-714.15,709.05
-714.15,708.76
-714.15,708.46
-714.15,708.17
-714.15,707.97
-714.14,707.77
-714.14,707.47
-714.14,707.17
-714.14,706.87
-714.14,706.57
-714.13,706.27
-714.13,705.96
-714.13,705.66
-714.13,705.36
-714.12,705.06
-714.12,704.76
-714.11,704.46
-714.11,704.16
-714.11,703.86
-714.1,703.56
-714.1,703.26
-714.1,702.96
-714.1,702.66
-714.09,702.37
-714.09,702.07
-714.09,701.77
-714.1,701.48
-714.1,701.18
-714.1,700.89
-714.11,700.59
-714.11,700.29
-714.12,699.99
-714.12,699.69
-714.13,699.39
-714.14,699.09
-714.14,698.79
-714.15,698.49
-714.16,698.19
-714.16,697.89
-714.17,697.59
-714.17,697.29
-714.18,696.99
-714.18,696.79
-714.18,696.59
-714.19,696.38
-714.19,696.18
-714.19,695.98
-714.2,695.78
-714.2,695.58
-714.2,695.38
-714.21,695.17
-714.21,694.97
-714.21,694.77
-714.21,694.57
-714.22,694.36
-714.22,694.16
-714.22,693.96
-714.22,693.76
-714.23,693.55
-714.23,693.35
-714.23,693.15
-714.24,692.95
-714.24,692.74
-714.24,692.54
-714.25,692.33
-714.26,692.12
-714.26,691.92
-714.26,691.72
-714.27,691.51
-714.27,691.31
-714.28,691.1
-714.28,690.89
-714.29,690.69
-714.29,690.48
-714.3,690.27
-714.3,690.07
-714.3,689.86
-714.3,689.65
-714.3,689.44
-714.3,689.23
-714.3,689.02
-714.3,688.82
-714.3,688.61
-714.3,688.4
-714.3,688.19
-714.3,687.98
-714.3,687.77
-714.3,687.57
-714.3,687.36
-714.29,687.15
-714.29,686.95
-714.29,686.74
-714.29,686.53
-714.29,686.33
-714.29,686.12
-714.29,685.91
-714.29,685.71
-714.29,685.5
-714.29,685.3
-714.29,685.09
-714.28,684.89
-714.28,684.68
-714.28,684.48
-714.28,684.27
-714.28,684.07
-714.28,683.87
-714.28,683.66
-714.28,683.46
-714.28,683.25
-714.28,683.05
-714.28,682.85
-714.28,682.64
-714.28,682.44
-714.28,682.23
-714.28,682.03
-714.29,681.83
-714.29,681.63
-714.29,681.42
-714.29,681.22
-714.3,681.02
-714.3,680.82
-714.3,680.61
-714.3,680.32
-714.31,680.02
-714.31,679.72
-714.32,679.42
-714.32,679.12
-714.33,678.82
-714.33,678.53
-714.33,678.23
-714.34,677.94
-714.34,677.64
-714.35,677.34
-714.35,677.04
-714.36,676.75
-714.36,676.45
-714.36,676.16
-714.36,675.86
-714.36,675.57
-714.37,675.28
-714.37,674.99
-714.38,674.69
-714.38,674.4
-714.38,674.11
-714.39,673.82
-714.39,673.53
-714.39,673.24
-714.4,672.95
-714.4,672.66
-714.4,672.37
-714.41,672.08
-714.41,671.79
-714.41,671.5
-714.42,671.21
-714.42,670.92
-714.42,670.62
-714.42,670.33
-714.43,670.04
-714.43,669.75
-714.43,669.46
-714.44,669.16
-714.44,668.87
-714.44,668.58
-714.44,668.29
-714.45,667.99
-714.45,667.7
-714.45,667.41
-714.45,667.12
-714.46,666.82
-714.46,666.53
-714.46,666.24
-714.46,665.94
-714.47,665.65
-714.47,665.35
-714.48,665.06
-714.48,664.76
-714.48,664.47
-714.49,664.17
-714.49,663.88
-714.5,663.58
-714.5,663.28
-714.51,662.98
-714.51,662.69
-714.52,662.39
-714.52,662.09
-714.53,661.8
-714.54,661.5
-714.54,661.21
-714.55,660.92
-714.56,660.62
-714.57,660.33
-714.57,660.03
-714.58,659.74
-714.58,659.45
-714.59,659.15
-714.59,658.85
-714.6,658.56
-714.61,658.26
-714.61,658.06
-714.61,657.76
-714.62,657.46
-714.62,657.17
-714.62,656.87
-714.62,656.57
-714.62,656.27
-714.63,655.97
-714.63,655.68
-714.63,655.38
-714.63,655.08
-714.63,654.78
-714.63,654.48
-714.63,654.17
-714.63,653.87
-714.63,653.57
-714.63,653.26
-714.63,652.96
-714.63,652.66
-714.63,652.46
-714.62,652.25
-714.62,652.05
-714.62,651.85
-714.62,651.64
-714.62,651.44
-714.62,651.24
-714.62,651.03
-714.62,650.83
-714.62,650.63
-714.63,650.42
-714.63,650.21
-714.63,650.01
-714.63,649.81
-714.64,649.6
-714.64,649.4
-714.64,649.2
-714.64,648.99
-714.64,648.79
-714.65,648.59
-714.65,648.38
-714.65,648.18
-714.65,647.97
-714.65,647.77
-714.65,647.56
-714.65,647.36
-714.65,647.15
-714.65,646.95
-714.65,646.74
-714.65,646.54
-714.66,646.33
-714.66,646.13
-714.66,645.92
-714.66,645.72
-714.66,645.51
-714.66,645.3
-714.66,645.1
-714.66,644.89
-714.66,644.68
-714.66,644.48
-714.66,644.27
-714.66,644.06
-714.66,643.85
-714.66,643.64
-714.66,643.44
-714.66,643.23
-714.66,643.02
-714.66,642.81
-714.66,642.6
-714.66,642.4
-714.67,642.19
-714.67,641.98
-714.67,641.77
-714.67,641.56
-714.67,641.35
-714.68,641.14
-714.68,640.93
-714.68,640.72
-714.69,640.51
-714.69,640.3
-714.69,640.09
-714.69,639.88
-714.7,639.67
-714.7,639.46
-714.7,639.25
-714.71,639.04
-714.71,638.83
-714.71,638.62
-714.72,638.4
-714.72,638.19
-714.72,637.98
-714.72,637.76
-714.72,637.55
-714.72,637.34
-714.72,637.12
-714.72,636.91
-714.72,636.7
-714.72,636.48
-714.72,636.27
-714.72,636.06
-714.73,635.85
-714.73,635.63
-714.73,635.42
-714.73,635.2
-714.73,634.99
-714.73,634.78
-714.73,634.56
-714.73,634.35
-714.73,634.13
-714.72,633.92
-714.72,633.7
-714.72,633.49
-714.73,633.27
-714.73,633.06
-714.73,632.84
-714.73,632.63
-714.73,632.41
-714.73,632.2
-714.73,631.98
-714.73,631.76
-714.73,631.55
-714.73,631.33
-714.73,631.11
-714.73,630.89
-714.73,630.68
-714.73,630.46
-714.73,630.24
-714.73,630.02
-714.74,629.8
-714.74,629.59
-714.74,629.37
-714.74,629.15
-714.74,628.93
-714.74,628.71
-714.74,628.49
-714.74,628.27
-714.74,628.05
-714.75,627.83
-714.75,627.61
-714.75,627.39
-714.76,627.18
-714.76,626.95
-714.76,626.73
-714.76,626.52
-714.77,626.29
-714.77,626.07
-714.77,625.85
-714.78,625.63
-714.78,625.41
-714.78,625.19
-714.79,624.97
-714.79,624.75
-714.79,624.53
-714.79,624.31
-714.79,624.09
-714.8,623.87
-714.8,623.65
-714.8,623.42
-714.8,623.2
-714.8,622.98
-714.81,622.76
-714.81,622.54
-714.81,622.32
-714.81,622.09
-714.81,621.87
-714.82,621.65
-714.82,621.43
-714.82,621.21
-714.82,620.98
-714.82,620.76
-714.83,620.54
-714.83,620.32
-714.83,620.1
-714.83,619.87
-714.84,619.65
-714.84,619.43
-714.84,619.21
-714.84,618.98
-714.84,618.76
-714.85,618.54
-714.85,618.31
-714.85,618.09
-714.85,617.87
-714.85,617.64
-714.85,617.42
-714.85,617.19
-714.86,616.97
-714.86,616.75
-714.86,616.53
-714.87,616.31
-714.87,616.08
-714.87,615.86
-714.87,615.64
-714.88,615.42
-714.88,615.2
-714.88,614.97
-714.88,614.75
-714.88,614.53
-714.89,614.3
-714.89,614.08
-714.89,613.86
-714.9,613.63
-714.91,613.4
-714.91,613.18
-714.92,612.95
-714.92,612.72
-714.93,612.5
-714.93,612.27
-714.94,612.04
-714.94,611.82
-714.95,611.59
-714.95,611.37
-714.95,611.14
-714.96,610.91
-714.96,610.69
-714.97,610.46
-714.97,610.23
-714.98,610.01
-714.98,609.78
-714.98,609.55
-714.99,609.33
-714.99,609.1
-714.99,608.88
-715,608.65
-715,608.43
-715,608.2
-715.01,607.98
-715.01,607.75
-715.01,607.53
-715.01,607.31
-715.01,607.08
-715.01,606.86
-715.01,606.64
-715.02,606.41
-715.02,606.19
-715.02,605.96
-715.02,605.74
-715.02,605.51
-715.02,605.29
-715.02,605.06
-715.02,604.84
-715.02,604.62
-715.03,604.39
-715.03,604.16
-715.03,603.94
-715.03,603.71
-715.03,603.49
-715.03,603.26
-715.04,603.04
-715.04,602.81
-715.04,602.59
-715.04,602.36
-715.04,602.13
-715.04,601.91
-715.05,601.68
-715.05,601.46
-715.05,601.23
-715.05,601
-715.05,600.78
-715.05,600.55
-715.06,600.33
-715.06,600.1
-715.06,599.88
-715.06,599.65
-715.06,599.42
-715.07,599.2
-715.07,598.97
-715.07,598.74
-715.07,598.51
-715.08,598.29
-715.08,598.06
-715.08,597.83
-715.08,597.6
-715.08,597.38
-715.09,597.15
-715.09,596.92
-715.09,596.69
-715.09,596.47
-715.09,596.24
-715.1,596.01
-715.1,595.78
-715.1,595.55
-715.1,595.33
-715.1,595.1
-715.11,594.87
-715.11,594.64
-715.11,594.42
-715.11,594.19
-715.12,593.96
-715.12,593.73
-715.12,593.5
-715.13,593.27
-715.13,593.05
-715.13,592.82
-715.13,592.59
-715.13,592.36
-715.13,592.13
-715.13,591.9
-715.14,591.68
-715.14,591.45
-715.14,591.22
-715.14,590.99
-715.15,590.76
-715.15,590.53
-715.15,590.3
-715.15,590.08
-715.15,589.85
-715.15,589.62
-715.15,589.39
-715.15,589.16
-715.15,588.93
-715.15,588.7
-715.16,588.47
-715.15,588.24
-715.15,588.01
-715.15,587.78
-715.15,587.55
-715.15,587.32
-715.15,587.09
-715.14,586.86
-715.14,586.63
-715.14,586.4
-715.14,586.17
-715.14,585.94
-715.14,585.71
-715.14,585.48
-715.14,585.25
-715.14,585.02
-715.13,584.79
-715.13,584.56
-715.13,584.33
-715.13,584.1
-715.13,583.87
-715.13,583.64
-715.13,583.41
-715.13,583.18
-715.12,582.95
-715.12,582.72
-715.12,582.5
-715.12,582.27
-715.12,582.04
-715.12,581.81
-715.12,581.58
-715.12,581.35
-715.12,581.12
-715.12,580.9
-715.11,580.67
-715.11,580.44
-715.11,580.21
-715.11,579.99
-715.11,579.76
-715.11,579.53
-715.11,579.31
-715.11,579.08
-715.11,578.85
-715.11,578.63
-715.11,578.4
-715.1,578.17
-715.09,577.94
-715.09,577.71
-715.09,577.48
-715.09,577.25
-715.09,577.03
-715.08,576.8
-715.08,576.58
-715.08,576.35
-715.08,576.13
-715.08,575.9
-715.08,575.68
-715.07,575.45
-715.07,575.23
-715.07,575
-715.07,574.78
-715.07,574.56
-715.07,574.33
-715.07,574.11
-715.07,573.9
-715.07,573.67
-715.06,573.45
-715.06,573.22
-715.06,573
-715.06,572.78
-715.06,572.55
-715.06,572.33
-715.05,572.1
-715.05,571.88
-715.05,571.66
-715.05,571.44
-715.04,571.21
-715.04,570.99
-715.04,570.76
-715.03,570.53
-715.03,570.31
-715.03,570.09
-715.02,569.86
-715.02,569.64
-715.02,569.41
-715.01,569.19
-715.01,568.97
-715.01,568.75
-715,568.52
-715,568.3
-715,568.08
-714.99,567.85
-714.99,567.63
-714.99,567.41
-714.99,567.19
-714.99,566.97
-714.98,566.74
-714.98,566.52
-714.98,566.3
-714.98,566.08
-714.97,565.85
-714.97,565.63
-714.97,565.41
-714.97,565.19
-714.97,564.97
-714.96,564.75
-714.96,564.53
-714.96,564.31
-714.96,564.09
-714.95,563.87
-714.96,563.65
-714.95,563.43
-714.95,563.21
-714.95,562.99
-714.94,562.77
-714.94,562.55
-714.94,562.33
-714.93,562.11
-714.93,561.89
-714.93,561.67
-714.92,561.45
-714.91,561.23
-714.91,561.02
-714.91,560.8
-714.9,560.58
-714.9,560.36
-714.9,560.15
-714.9,559.93
-714.9,559.72
-714.9,559.5
-714.9,559.29
-714.9,559.07
-714.89,558.85
-714.89,558.64
-714.89,558.42
-714.89,558.2
-714.89,557.99
-714.89,557.77
-714.88,557.55
-714.88,557.34
-714.88,557.12
-714.88,556.91
-714.88,556.69
-714.88,556.47
-714.88,556.26
-714.88,556.04
-714.88,555.82
-714.87,555.61
-714.87,555.39
-714.87,555.18
-714.87,554.96
-714.87,554.74
-714.87,554.53
-714.87,554.31
-714.87,554.1
-714.87,553.88
-714.87,553.67
-714.87,553.45
-714.87,553.24
-714.87,553.02
-714.87,552.81
-714.87,552.59
-714.86,552.37
-714.86,552.16
-714.86,551.94
-714.86,551.73
-714.86,551.51
-714.86,551.3
-714.86,551.08
-714.86,550.87
-714.86,550.65
-714.86,550.44
-714.86,550.22
-714.86,550.01
-714.86,549.79
-714.86,549.58
-714.86,549.36
-714.86,549.15
-714.86,548.93
-714.86,548.72
-714.86,548.5
-714.86,548.29
-714.86,548.07
-714.86,547.86
-714.86,547.65
-714.86,547.43
-714.86,547.22
-714.86,547
-714.86,546.79
-714.86,546.58
-714.86,546.36
-714.86,546.15
-714.86,545.94
-714.86,545.72
-714.86,545.51
-714.86,545.3
-714.86,545.09
-714.86,544.87
-714.86,544.66
-714.86,544.45
-714.86,544.24
-714.86,544.02
-714.86,543.81
-714.86,543.6
-714.86,543.39
-714.86,543.18
-714.86,542.96
-714.86,542.75
-714.85,542.54
-714.85,542.33
-714.85,542.12
-714.85,541.91
-714.85,541.7
-714.85,541.49
-714.85,541.28
-714.85,541.07
-714.85,540.86
-714.85,540.65
-714.85,540.44
-714.85,540.23
-714.85,540.02
-714.85,539.81
-714.85,539.6
-714.85,539.39
-714.85,539.18
-714.85,538.97
-714.85,538.76
-714.85,538.55
-714.85,538.34
-714.85,538.13
-714.85,537.92
-714.85,537.72
-714.85,537.51
-714.85,537.3
-714.85,537.09
-714.85,536.88
-714.85,536.67
-714.85,536.46
-714.85,536.26
-714.85,536.05
-714.85,535.84
-714.85,535.63
-714.85,535.43
-714.85,535.22
-714.85,535.01
-714.85,534.81
-714.85,534.6
-714.85,534.4
-714.85,534.19
-714.85,533.98
-714.85,533.78
-714.85,533.57
-714.85,533.37
-714.85,533.16
-714.85,532.95
-714.85,532.75
-714.85,532.54
-714.85,532.34
-714.85,532.13
-714.86,531.83
-714.86,531.53
-714.87,531.23
-714.87,530.93
-714.87,530.63
-714.88,530.33
-714.88,530.03
-714.89,529.73
-714.89,529.43
-714.9,529.14
-714.91,528.84
-714.92,528.55
-714.93,528.25
-714.95,527.95
-714.96,527.66
-714.98,527.36
-714.99,527.06
-715.01,526.77
-715.02,526.56
-715.02,526.36
-715.04,526.16
-715.06,525.96
-715.06,525.76
-715.07,525.56
-715.09,525.36
-715.09,525.16
-715.1,524.96
-715.11,524.76
-715.13,524.46
-715.14,524.16
-715.15,523.86
-715.17,523.56
-715.18,523.26
-715.19,522.96
-715.19,522.67
-715.2,522.38
-715.2,522.08
-715.21,521.79
-715.21,521.49
-715.21,521.2
-715.22,520.9
-715.23,520.61
-715.23,520.31
-715.24,520.02
-715.23,519.73
-715.23,519.44
-715.23,519.15
-715.23,518.86
-715.23,518.57
-715.23,518.28
-715.23,517.99
-715.23,517.7
-715.23,517.41
-715.23,517.12
-715.23,516.84
-715.23,516.55
-715.23,516.26
-715.23,515.97
-715.22,515.68
-715.22,515.39
-715.23,515.11
-715.23,514.82
-715.23,514.54
-715.23,514.26
-715.23,513.97
-715.24,513.69
-715.24,513.41
-715.24,513.13
-715.24,512.84
-715.25,512.56
-715.25,512.28
-715.25,512
-715.25,511.71
-715.25,511.43
-715.25,511.15
-715.26,510.87
-715.26,510.59
-715.25,510.31
-715.25,510.03
-715.24,509.74
-715.24,509.46
-715.23,509.18
-715.23,508.9
-715.23,508.62
-715.23,508.34
-715.23,508.06
-715.23,507.78
-715.23,507.49
-715.23,507.21
-715.23,506.92
-715.23,506.64
-715.22,506.36
-715.22,506.07
-715.21,505.79
-715.21,505.51
-715.2,505.22
-715.19,504.94
-715.18,504.65
-715.18,504.37
-715.17,504.08
-715.17,503.8
-715.16,503.51
-715.16,503.23
-715.16,502.94
-715.15,502.66
-715.15,502.37
-715.15,502.09
-715.14,501.8
-715.14,501.52
-715.14,501.23
-715.13,500.95
-715.13,500.66
-715.13,500.38
-715.12,500.09
-715.12,499.81
-715.12,499.52
-715.12,499.23
-715.12,498.95
-715.11,498.66
-715.11,498.37
-715.11,498.09
-715.11,497.8
-715.1,497.51
-715.1,497.22
-715.1,496.93
-715.1,496.64
-715.09,496.35
-715.09,496.06
-715.08,495.77
-715.08,495.48
-715.07,495.19
-715.07,494.91
-715.07,494.62
-715.07,494.33
-715.06,494.04
-715.06,493.75
-715.06,493.46
-715.05,493.17
-715.05,492.88
-715.04,492.58
-715.04,492.29
-715.03,492
-715.03,491.71
-715.02,491.42
-715.02,491.12
-715.01,490.83
-715.01,490.54
-715,490.25
-715,489.96
-714.99,489.67
-714.99,489.37
-714.98,489.08
-714.98,488.79
-714.97,488.5
-714.97,488.21
-714.97,487.92
-714.96,487.63
-714.96,487.33
-714.96,487.04
-714.96,486.75
-714.95,486.46
-714.95,486.17
-714.95,485.88
-714.95,485.59
-714.94,485.3
-714.94,485
-714.94,484.71
-714.94,484.42
-714.95,484.13
-714.95,483.83
-714.95,483.54
-714.95,483.25
-714.95,482.96
-714.95,482.66
-714.95,482.37
-714.94,482.08
-714.95,481.79
-714.95,481.5
-714.95,481.21
-714.95,480.92
-714.95,480.62
-714.95,480.33
-714.95,480.04
-714.95,479.74
-714.95,479.45
-714.94,479.15
-714.94,478.85
-714.95,478.56
-714.95,478.26
-714.95,477.97
-714.95,477.68
-714.96,477.38
-714.96,477.09
-714.96,476.8
-714.96,476.51
-714.97,476.21
-714.97,475.92
-714.97,475.63
-714.97,475.33
-714.97,475.04
-714.97,474.75
-714.97,474.45
-714.97,474.16
-714.97,473.87
-714.97,473.57
-714.97,473.28
-714.97,472.99
-714.97,472.7
-714.97,472.41
-714.97,472.11
-714.98,471.82
-714.97,471.53
-714.97,471.24
-714.97,470.95
-714.98,470.66
-714.98,470.36
-714.99,470.07
-714.99,469.78
-714.99,469.48
-715,469.19
-715,468.89
-715,468.6
-715,468.31
-715.01,468.01
-715.01,467.72
-715.01,467.43
-715.01,467.13
-715.02,466.84
-715.02,466.55
-715.02,466.25
-715.02,465.96
-715.03,465.67
-715.03,465.37
-715.04,465.08
-715.04,464.78
-715.04,464.48
-715.05,464.19
-715.05,463.89
-715.05,463.6
-715.06,463.3
-715.06,463.01
-715.06,462.71
-715.07,462.41
-715.07,462.12
-715.07,461.82
-715.08,461.52
-715.08,461.22
-715.09,460.92
-715.1,460.62
-715.11,460.32
-715.11,460.01
-715.12,459.71
-715.13,459.41
-715.13,459.11
-715.14,458.81
-715.15,458.51
-715.15,458.21
-715.16,457.91
-715.17,457.61
-715.17,457.31
-715.17,457
-715.18,456.7
-715.18,456.39
-715.18,456.09
-715.18,455.78
-715.18,455.48
-715.18,455.17
-715.19,454.87
-715.19,454.56
-715.19,454.26
-715.19,453.95
-715.19,453.75
-715.19,453.55
-715.19,453.35
-715.19,453.15
-715.19,452.94
-715.2,452.74
-715.2,452.53
-715.2,452.33
-715.2,452.12
-715.2,451.92
-715.2,451.72
-715.2,451.51
-715.2,451.31
-715.2,451.1
-715.2,450.9
-715.2,450.7
-715.2,450.49
-715.21,450.29
-715.21,450.08
-715.21,449.88
-715.21,449.67
-715.21,449.47
-715.21,449.27
-715.21,449.06
-715.21,448.86
-715.21,448.65
-715.21,448.45
-715.21,448.24
-715.22,448.04
-715.22,447.83
-715.22,447.63
-715.22,447.42
-715.23,447.22
-715.23,447.01
-715.23,446.81
-715.24,446.6
-715.24,446.4
-715.24,446.2
-715.25,445.99
-715.25,445.79
-715.25,445.58
-715.26,445.38
-715.26,445.17
-715.26,444.97
-715.27,444.76
-715.27,444.56
-715.27,444.36
-715.28,444.15
-715.28,443.95
-715.28,443.75
-715.28,443.54
-715.28,443.34
-715.29,443.13
-715.29,442.93
-715.29,442.73
-715.29,442.52
-715.3,442.32
-715.3,442.11
-715.3,441.9
-715.3,441.7
-715.3,441.49
-715.3,441.29
-715.31,441.08
-715.31,440.88
-715.31,440.68
-715.31,440.47
-715.32,440.27
-715.32,440.06
-715.32,439.86
-715.32,439.66
-715.33,439.45
-715.33,439.25
-715.33,439.04
-715.34,438.84
-715.34,438.63
-715.34,438.43
-715.35,438.22
-715.35,438.01
-715.35,437.81
-715.35,437.6
-715.36,437.4
-715.36,437.19
-715.36,436.99
-715.37,436.78
-715.37,436.57
-715.38,436.37
-715.38,436.16
-715.38,435.96
-715.39,435.75
-715.4,435.55
-715.4,435.34
-715.4,435.14
-715.41,434.93
-715.41,434.73
-715.42,434.52
-715.42,434.31
-715.42,434.11
-715.43,433.9
-715.43,433.7
-715.43,433.49
-715.44,433.29
-715.44,433.08
-715.44,432.88
-715.44,432.67
-715.45,432.47
-715.45,432.26
-715.46,432.06
-715.46,431.86
-715.46,431.65
-715.47,431.45
-715.47,431.24
-715.48,431.04
-715.48,430.83
-715.49,430.63
-715.49,430.42
-715.5,430.22
-715.5,430.01
-715.5,429.81
-715.51,429.6
-715.52,429.4
-715.52,429.19
-715.53,428.99
-715.53,428.78
-715.54,428.58
-715.54,428.37
-715.55,428.17
-715.55,427.96
-715.55,427.76
-715.56,427.55
-715.56,427.35
-715.56,427.14
-715.56,426.94
-715.56,426.73
-715.57,426.53
-715.57,426.33
-715.57,426.12
-715.58,425.91
-715.58,425.71
-715.58,425.5
-715.58,425.3
-715.59,425.09
-715.59,424.88
-715.59,424.68
-715.59,424.47
-715.6,424.27
-715.6,424.06
-715.6,423.86
-715.6,423.65
-715.61,423.45
-715.61,423.24
-715.61,423.04
-715.61,422.83
-715.62,422.63
-715.62,422.42
-715.62,422.22
-715.62,422.02
-715.63,421.81
-715.63,421.61
-715.63,421.4
-715.64,421.2
-715.64,420.99
-715.64,420.79
-715.64,420.58
-715.65,420.38
-715.65,420.17
-715.65,419.97
-715.65,419.77
-715.65,419.56
-715.65,419.36
-715.65,419.15
-715.65,418.95
-715.65,418.75
-715.65,418.54
-715.65,418.34
-715.65,418.13
-715.65,417.93
-715.65,417.73
-715.65,417.52
-715.65,417.32
-715.65,417.12
-715.66,416.91
-715.65,416.71
-715.65,416.51
-715.66,416.31
-715.66,416.1
-715.66,415.9
-715.66,415.7
-715.66,415.5
-715.66,415.3
-715.66,415.09
-715.66,414.89
-715.66,414.69
-715.67,414.49
-715.67,414.29
-715.67,414.09
-715.67,413.88
-715.67,413.68
-715.67,413.48
-715.67,413.28
-715.67,412.98
-715.67,412.68
-715.67,412.38
-715.68,412.08
-715.68,411.79
-715.68,411.49
-715.68,411.19
-715.68,410.9
-715.68,410.6
-715.68,410.3
-715.69,410
-715.69,409.71
-715.69,409.41
-715.69,409.12
-715.69,408.82
-715.69,408.53
-715.7,408.24
-715.7,407.94
-715.7,407.65
-715.7,407.36
-715.71,407.06
-715.71,406.77
-715.71,406.49
-715.71,406.2
-715.71,405.91
-715.72,405.62
-715.72,405.33
-715.72,405.04
-715.72,404.75
-715.72,404.46
-715.72,404.17
-715.72,403.88
-715.72,403.6
-715.72,403.31
-715.72,403.02
-715.73,402.73
-715.73,402.44
-715.73,402.16
-715.73,401.87
-715.73,401.58
-715.74,401.3
-715.74,401.01
-715.74,400.73
-715.74,400.45
-715.74,400.16
-715.75,399.88
-715.75,399.6
-715.75,399.32
-715.75,399.03
-715.76,398.75
-715.76,398.47
-715.76,398.19
-715.76,397.91
-715.76,397.62
-715.77,397.34
-715.77,397.06
-715.77,396.77
-715.77,396.49
-715.77,396.21
-715.77,395.93
-715.78,395.64
-715.78,395.36
-715.78,395.08
-715.79,394.79
-715.79,394.51
-715.79,394.23
-715.8,393.94
-715.8,393.66
-715.8,393.38
-715.81,393.09
-715.81,392.81
-715.81,392.52
-715.81,392.24
-715.82,391.96
-715.82,391.67
-715.82,391.39
-715.83,391.1
-715.83,390.82
-715.83,390.53
-715.84,390.25
-715.84,389.96
-715.84,389.68
-715.85,389.39
-715.85,389.11
-715.85,388.82
-715.86,388.54
-715.86,388.25
-715.86,387.97
-715.86,387.68
-715.87,387.4
-715.87,387.11
-715.88,386.83
-715.88,386.54
-715.88,386.26
-715.89,385.97
-715.94,385.7
-716,385.44
-716.05,385.08
-716.1,384.73
-716.15,384.38
-716.2,384.04
-716.24,383.69
-716.28,383.35
-716.33,383.01
-716.36,382.67
-716.4,382.34
-716.44,382.01
-716.47,381.68
-716.51,381.35
-716.54,381.03
-716.57,380.7
-716.6,380.38
-716.62,380.06
-716.65,379.75
-716.67,379.43
-716.7,379.12
-716.72,378.8
-716.74,378.49
-716.76,378.18
-716.78,377.87
-716.8,377.56
-716.82,377.25
-716.84,376.95
-716.85,376.64
-716.87,376.34
-716.88,376.03
-716.9,375.73
-716.91,375.42
-716.92,375.12
-716.94,374.82
-716.95,374.52
-716.96,374.22
-716.97,373.92
-716.98,373.63
-716.99,373.33
-717,373.03
-717.01,372.74
-717.01,372.45
-717.02,372.15
-717.03,371.86
-717.04,371.57
-717.05,371.27
-717.06,370.98
-717.06,370.69
-717.07,370.4
-717.08,370.11
-717.08,369.82
-717.09,369.53
-717.09,369.24
-717.1,368.95
-717.1,368.67
-717.1,368.38
-717.11,368.09
-717.11,367.81
-717.11,367.52
-717.12,367.24
-717.12,366.96
-717.12,366.67
-717.13,366.39
-717.13,366.11
-717.13,365.82
-717.14,365.54
-717.14,365.26
-717.14,364.98
-717.14,364.7
-717.15,364.42
-717.15,364.14
-717.15,363.86
-717.15,363.59
-717.15,363.31
-717.15,363.03
-717.15,362.75
-717.15,362.47
-717.15,362.2
-717.15,361.92
-717.15,361.64
-717.15,361.37
-717.14,361.09
-717.14,360.81
-717.14,360.54
-717.14,360.26
-717.14,359.99
-717.14,359.72
-717.14,359.44
-717.14,359.17
-717.14,358.9
-717.14,358.62
-717.14,358.35
-717.14,358.08
-717.14,357.8
-717.14,357.53
-717.14,357.26
-717.13,356.98
-717.13,356.71
-717.13,356.44
-717.13,356.17
-717.13,355.9
-717.13,355.62
-717.13,355.35
-717.13,355.08
-717.13,354.81
-717.13,354.54
-717.13,354.27
-717.13,353.99
-717.12,353.72
-717.12,353.45
-717.12,353.18
-717.12,352.91
-717.12,352.64
-717.11,352.37
-717.11,352.1
-717.11,351.83
-717.11,351.56
-717.11,351.29
-717.1,351.02
-717.1,350.75
-717.1,350.49
-717.1,350.22
-717.09,349.95
-717.09,349.69
-717.09,349.42
-717.09,349.15
-717.09,348.88
-717.09,348.61
-717.09,348.34
-717.09,348.07
-717.08,347.8
-717.08,347.53
-717.08,347.26
-717.08,346.99
-717.08,346.71
-717.08,346.44
-717.07,346.17
-717.07,345.9
-717.07,345.63
-717.07,345.35
-717.06,345.08
-717.06,344.81
-717.06,344.53
-717.05,344.26
-717.05,343.98
-717.04,343.7
-717.04,343.43
-717.04,343.15
-717.03,342.87
-717.03,342.6
-717.02,342.32
-717.02,342.04
-717.01,341.77
-717.01,341.49
-717,341.21
-717,340.94
-716.99,340.66
-716.99,340.38
-716.98,340.11
-716.98,339.83
-716.97,339.55
-716.97,339.28
-716.96,339
-716.95,338.72
-716.94,338.44
-716.94,338.16
-716.93,337.89
-716.92,337.61
-716.92,337.33
-716.91,337.06
-716.9,336.78
-716.89,336.5
-716.88,336.23
-716.88,335.95
-716.86,335.67
-716.85,335.39
-716.84,335.11
-716.83,334.83
-716.81,334.55
-716.8,334.28
-716.79,334
-716.77,333.72
-716.76,333.44
-716.75,333.16
-716.73,332.88
-716.72,332.61
-716.7,332.33
-716.69,332.05
-716.67,331.77
-716.66,331.5
-716.64,331.22
-716.62,330.94
-716.61,330.66
-716.59,330.38
-716.58,330.11
-716.56,329.83
-716.54,329.55
-716.53,329.28
-716.51,329
-716.49,328.72
-716.47,328.45
-716.46,328.17
-716.44,327.89
-716.43,327.62
-716.41,327.34
-716.39,327.07
-716.38,326.79
-716.36,326.52
-716.34,326.24
-716.33,325.96
-716.31,325.69
-716.29,325.41
-716.27,325.13
-716.25,324.86
-716.23,324.58
-716.22,324.3
-716.2,324.03
-716.18,323.75
-716.16,323.48
-716.14,323.2
-716.12,322.93
-716.1,322.65
-716.08,322.38
-716.07,322.1
-716.05,321.82
-716.03,321.55
-716.01,321.27
-715.99,321
-715.97,320.72
-715.95,320.45
-715.93,320.18
-715.9,319.9
-715.88,319.63
-715.86,319.35
-715.84,319.08
-715.82,318.81
-715.8,318.53
-715.78,318.26
-715.75,317.99
-715.73,317.72
-715.71,317.44
-715.68,317.17
-715.66,316.9
-715.64,316.63
-715.62,316.36
-715.6,316.09
-715.57,315.82
-715.55,315.55
-715.52,315.28
-715.5,315.01
-715.47,314.74
-715.45,314.47
-715.43,314.2
-715.4,313.93
-715.38,313.66
-715.36,313.4
-715.33,313.13
-715.31,312.86
-715.28,312.6
-715.26,312.33
-715.23,312.07
-715.21,311.8
-715.18,311.54
-715.16,311.27
-715.13,311.01
-715.11,310.74
-715.08,310.48
-715.06,310.22
-715.04,309.96
-715.01,309.69
-714.99,309.43
-714.96,309.17
-714.94,308.91
-714.91,308.65
-714.89,308.39
-714.87,308.13
-714.84,307.87
-714.82,307.61
-714.8,307.35
-714.77,307.09
-714.75,306.84
-714.72,306.58
-714.7,306.32
-714.68,306.06
-714.65,305.8
-714.63,305.54
-714.61,305.29
-714.58,305.03
-714.56,304.77
-714.54,304.51
-714.51,304.26
-714.49,304
-714.47,303.74
-714.44,303.48
-714.42,303.23
-714.4,302.97
-714.37,302.72
-714.35,302.46
-714.33,302.21
-714.31,301.95
-714.29,301.7
-714.26,301.44
-714.24,301.19
-714.22,300.93
-714.2,300.68
-714.18,300.43
-714.16,300.17
-714.14,299.92
-714.12,299.66
-714.09,299.41
-714.07,299.16
-714.05,298.91
-714.03,298.65
-714.01,298.4
-713.99,298.15
-713.97,297.9
-713.96,297.65
-713.94,297.4
-713.92,297.15
-713.9,296.89
-713.89,296.64
-713.87,296.39
-713.85,296.14
-713.83,295.89
-713.81,295.64
-713.79,295.39
-713.78,295.14
-713.76,294.89
-713.74,294.65
-713.72,294.4
-713.71,294.15
-713.69,293.9
-713.67,293.65
-713.66,293.41
-713.64,293.16
-713.63,292.91
-713.61,292.67
-713.6,292.42
-713.58,292.17
-713.57,291.93
-713.55,291.68
-713.54,291.44
-713.52,291.19
-713.51,290.94
-713.49,290.7
-713.48,290.45
-713.46,290.21
-713.45,289.96
-713.44,289.72
-713.42,289.48
-713.41,289.23
-713.4,288.99
-713.38,288.75
-713.37,288.51
-713.36,288.26
-713.35,288.02
-713.34,287.78
-713.33,287.54
-713.31,287.3
-713.3,287.06
-713.29,286.82
-713.28,286.57
-713.27,286.33
-713.26,286.09
-713.25,285.85
-713.24,285.61
-713.23,285.37
-713.22,285.13
-713.22,284.89
-713.21,284.64
-713.2,284.4
-713.19,284.16
-713.18,283.92
-713.17,283.68
-713.16,283.43
-713.15,283.19
-713.14,282.95
-713.13,282.71
-713.13,282.46
-713.12,282.22
-713.11,281.98
-713.1,281.74
-713.09,281.49
-713.08,281.25
-713.08,281
-713.07,280.76
-713.06,280.52
-713.06,280.27
-713.05,280.03
-713.04,279.78
-713.04,279.54
-713.03,279.29
-713.02,279.05
-713.02,278.8
-713.01,278.55
-713.01,278.31
-713,278.06
-713,277.81
-712.99,277.57
-712.99,277.32
-712.98,277.07
-712.98,276.82
-712.97,276.58
-712.97,276.33
-712.96,276.08
-712.96,275.83
-712.96,275.59
-712.95,275.34
-712.95,275.09
-712.94,274.85
-712.94,274.6
-712.94,274.35
-712.93,274.11
-712.93,273.86
-712.93,273.62
-712.92,273.38
-712.92,273.13
-712.92,272.89
-712.91,272.64
-712.91,272.4
-712.9,272.15
-712.9,271.91
-712.9,271.66
-712.89,271.42
-712.89,271.18
-712.89,270.93
-712.89,270.69
-712.88,270.45
-712.88,270.21
-712.88,269.96
-712.88,269.72
-712.87,269.48
-712.87,269.24
-712.87,269
-712.87,268.76
-712.87,268.52
-712.87,268.28
-712.87,268.04
-712.87,267.8
-712.87,267.56
-712.87,267.32
-712.87,267.08
-712.87,266.84
-712.87,266.6
-712.87,266.36
-712.87,266.12
-712.87,265.89
-712.87,265.65
-712.87,265.41
-712.87,265.18
-712.87,264.94
-712.87,264.7
-712.87,264.47
-712.87,264.23
-712.87,263.99
-712.87,263.76
-712.87,263.52
-712.87,263.29
-712.88,263.05
-712.88,262.82
-712.88,262.58
-712.88,262.35
-712.88,262.11
-712.88,261.88
-712.88,261.65
-712.88,261.41
-712.88,261.18
-712.89,260.95
-712.89,260.71
-712.89,260.48
-712.89,260.24
-712.89,260.01
-712.89,259.77
-712.89,259.54
-712.89,259.31
-712.89,259.07
-712.89,258.84
-712.89,258.6
-712.89,258.36
-712.89,258.13
-712.9,257.89
-712.9,257.66
-712.9,257.42
-712.9,257.18
-712.9,256.95
-712.9,256.71
-712.9,256.47
-712.9,256.23
-712.9,256
-712.9,255.76
-712.9,255.52
-712.9,255.28
-712.91,255.05
-712.91,254.81
-712.91,254.57
-712.91,254.33
-712.91,254.09
-712.91,253.85
-712.92,253.61
-712.92,253.37
-712.92,253.13
-712.92,252.89
-712.92,252.65
-712.93,252.41
-712.93,252.17
-712.93,251.93
-712.93,251.69
-712.93,251.45
-712.94,251.21
-712.94,250.97
-712.94,250.73
-712.94,250.49
-712.94,250.25
-712.95,250.01
-712.95,249.77
-712.95,249.53
-712.96,249.3
-712.96,249.06
-712.96,248.82
-712.97,248.58
-712.97,248.35
-712.97,248.11
-712.98,247.87
-712.98,247.63
-712.98,247.4
-712.98,247.16
-712.99,246.93
-712.99,246.69
-712.99,246.45
-712.99,246.22
-713,245.98
-713,245.75
-713,245.51
-713.01,245.28
-713.01,245.04
-713.01,244.81
-713.01,244.57
-713.02,244.34
-713.02,244.11
-713.03,243.87
-713.03,243.64
-713.03,243.4
-713.04,243.17
-713.04,242.94
-713.04,242.71
-713.05,242.48
-713.05,242.24
-713.05,242.01
-713.05,241.78
-713.05,241.55
-713.06,241.32
-713.06,241.09
-713.06,240.86
-713.06,240.63
-713.06,240.4
-713.06,240.17
-713.06,239.94
-713.07,239.71
-713.07,239.48
-713.07,239.25
-713.07,239.03
-713.07,238.8
-713.07,238.57
-713.07,238.34
-713.07,238.11
-713.07,237.88
-713.07,237.65
-713.07,237.42
-713.08,237.19
-713.08,236.96
-713.08,236.73
-713.08,236.5
-713.08,236.27
-713.08,236.04
-713.08,235.8
-713.08,235.57
-713.08,235.34
-713.08,235.11
-713.08,234.87
-713.08,234.64
-713.08,234.41
-713.08,234.17
-713.08,233.94
-713.08,233.71
-713.08,233.47
-713.08,233.24
-713.07,233.01
-713.07,232.77
-713.07,232.54
-713.07,232.3
-713.07,232.07
-713.07,231.83
-713.08,231.6
-713.07,231.36
-713.07,231.13
-713.07,230.9
-713.07,230.66
-713.07,230.42
-713.07,230.19
-713.07,229.96
-713.07,229.72
-713.07,229.48
-713.07,229.25
-713.07,229.01
-713.07,228.78
-713.07,228.54
-713.07,228.3
-713.07,228.06
-713.07,227.83
-713.07,227.59
-713.07,227.35
-713.07,227.11
-713.07,226.88
-713.07,226.64
-713.07,226.4
-713.07,226.16
-713.07,225.92
-713.07,225.68
-713.07,225.45
-713.07,225.21
-713.07,224.97
-713.07,224.73
-713.07,224.49
-713.07,224.25
-713.07,224.01
-713.07,223.77
-713.07,223.53
-713.07,223.29
-713.07,223.04
-713.07,222.8
-713.08,222.56
-713.08,222.32
-713.08,222.08
-713.08,221.84
-713.08,221.6
-713.08,221.36
-713.08,221.12
-713.08,220.87
-713.08,220.63
-713.08,220.39
-713.08,220.15
-713.08,219.91
-713.08,219.66
-713.08,219.42
-713.08,219.18
-713.08,218.94
-713.08,218.69
-713.08,218.45
-713.08,218.21
-713.08,217.96
-713.08,217.72
-713.08,217.48
-713.08,217.24
-713.08,217
-713.08,216.76
-713.08,216.52
-713.08,216.28
-713.08,216.04
-713.08,215.8
-713.08,215.56
-713.08,215.32
-713.08,215.08
-713.08,214.84
-713.08,214.6
-713.09,214.36
-713.09,214.12
-713.09,213.88
-713.09,213.64
-713.09,213.4
-713.09,213.16
-713.09,212.92
-713.09,212.69
-713.09,212.45
-713.09,212.21
-713.09,211.97
-713.09,211.74
-713.09,211.5
-713.1,211.27
-713.1,211.03
-713.1,210.79
-713.1,210.56
-713.1,210.32
-713.1,210.09
-713.1,209.86
-713.1,209.62
-713.1,209.39
-713.1,209.15
-713.1,208.92
-713.1,208.69
-713.1,208.45
-713.1,208.22
-713.1,207.99
-713.1,207.76
-713.1,207.52
-713.1,207.29
-713.1,207.06
-713.1,206.83
-713.1,206.59
-713.1,206.36
-713.1,206.13
-713.1,205.9
-713.1,205.67
-713.1,205.44
-713.11,205.2
-713.11,204.97
-713.11,204.74
-713.11,204.51
-713.11,204.28
-713.11,204.05
-713.11,203.82
-713.11,203.58
-713.11,203.35
-713.11,203.12
-713.11,202.89
-713.11,202.66
-713.11,202.42
-713.11,202.19
-713.12,201.96
-713.12,201.73
-713.12,201.5
-713.12,201.27
-713.12,201.03
-713.12,200.8
-713.12,200.57
-713.12,200.34
-713.12,200.1
-713.12,199.87
-713.12,199.64
-713.12,199.41
-713.13,199.18
-713.13,198.95
-713.13,198.71
-713.13,198.48
-713.13,198.25
-713.13,198.02
-713.13,197.79
-713.14,197.56
-713.14,197.33
-713.14,197.1
-713.14,196.87
-713.15,196.64
-713.15,196.41
-713.15,196.17
-713.15,195.94
-713.16,195.71
-713.16,195.48
-713.16,195.25
-713.17,195.02
-713.17,194.79
-713.17,194.56
-713.18,194.34
-713.18,194.11
-713.19,193.88
-713.19,193.65
-713.19,193.42
-713.2,193.19
-713.2,192.96
-713.21,192.73
-713.21,192.51
-713.22,192.28
-713.22,192.05
-713.22,191.82
-713.23,191.59
-713.23,191.36
-713.24,191.13
-713.24,190.9
-713.25,190.68
-713.25,190.45
-713.25,190.22
-713.26,189.99
-713.26,189.76
-713.27,189.53
-713.27,189.3
-713.28,189.07
-713.28,188.84
-713.28,188.62
-713.29,188.39
-713.29,188.16
-713.3,187.93
-713.3,187.7
-713.3,187.47
-713.31,187.24
-713.31,187.01
-713.32,186.79
-713.32,186.56
-713.32,186.33
-713.33,186.1
-713.33,185.87
-713.34,185.64
-713.34,185.41
-713.34,185.18
-713.35,184.96
-713.35,184.73
-713.36,184.5
-713.36,184.27
-713.37,184.04
-713.37,183.81
-713.37,183.58
-713.38,183.35
-713.38,183.12
-713.39,182.9
-713.39,182.67
-713.4,182.44
-713.4,182.21
-713.41,181.98
-713.41,181.75
-713.42,181.52
-713.42,181.29
-713.43,181.06
-713.43,180.83
-713.44,180.61
-713.45,180.38
-713.45,180.15
-713.46,179.92
-713.46,179.69
-713.47,179.46
-713.48,179.24
-713.48,179.01
-713.49,178.78
-713.49,178.55
-713.5,178.32
-713.51,178.1
-713.51,177.87
-713.52,177.64
-713.52,177.41
-713.53,177.18
-713.54,176.96
-713.54,176.73
-713.55,176.5
-713.56,176.27
-713.56,176.04
-713.57,175.82
-713.58,175.59
-713.58,175.36
-713.59,175.13
-713.6,174.9
-713.61,174.67
-713.62,174.45
-713.62,174.22
-713.63,173.99
-713.64,173.76
-713.65,173.54
-713.65,173.31
-713.66,173.08
-713.67,172.85
-713.68,172.63
-713.69,172.4
-713.69,172.17
-713.7,171.94
-713.71,171.72
-713.72,171.49
-713.73,171.26
-713.74,171.04
-713.75,170.81
-713.76,170.58
-713.77,170.35
-713.78,170.13
-713.79,169.9
-713.8,169.67
-713.8,169.44
-713.81,169.21
-713.82,168.99
-713.83,168.76
-713.84,168.53
-713.85,168.3
-713.86,168.07
-713.87,167.85
-713.88,167.62
-713.89,167.39
-713.9,167.17
-713.91,166.94
-713.92,166.72
-713.93,166.49
-713.94,166.27
-713.95,166.04
-713.96,165.82
-713.98,165.59
-713.99,165.37
-714,165.15
-714.01,164.92
-714.02,164.7
-714.03,164.47
-714.04,164.25
-714.05,164.03
-714.06,163.81
-714.08,163.59
-714.09,163.37
-714.1,163.14
-714.11,162.92
-714.12,162.7
-714.14,162.48
-714.15,162.26
-714.16,162.04
-714.18,161.82
-714.19,161.6
-714.2,161.38
-714.22,161.16
-714.23,160.94
-714.24,160.73
-714.26,160.51
-714.27,160.29
-714.29,160.07
-714.3,159.86
-714.32,159.64
-714.33,159.42
-714.35,159.21
-714.36,158.99
-714.38,158.78
-714.4,158.56
-714.41,158.35
-714.43,158.14
-714.45,157.92
-714.46,157.71
-714.48,157.49
-714.5,157.28
-714.51,157.07
-714.53,156.85
-714.55,156.64
-714.57,156.43
-714.59,156.21
-714.6,156
-714.62,155.79
-714.64,155.58
-714.66,155.36
-714.68,155.15
-714.7,154.94
-714.72,154.73
-714.74,154.52
-714.75,154.31
-714.77,154.1
-714.79,153.89
-714.81,153.68
-714.83,153.47
-714.85,153.26
-714.87,153.06
-714.89,152.85
-714.91,152.64
-714.93,152.43
-714.95,152.22
-714.98,152.01
-715,151.8
-715.02,151.6
-715.04,151.39
-715.06,151.18
-715.08,150.97
-715.1,150.77
-715.12,150.56
-715.15,150.35
-715.17,150.15
-715.19,149.94
-715.21,149.74
-715.24,149.53
-715.26,149.33
-715.28,149.12
-715.31,148.92
-715.33,148.71
-715.35,148.51
-715.37,148.3
-715.4,148.1
-715.42,147.89
-715.44,147.69
-715.47,147.49
-715.49,147.28
-715.52,147.08
-715.54,146.87
-715.56,146.67
-715.59,146.47
-715.61,146.26
-715.64,146.06
-715.66,145.86
-715.69,145.66
-715.71,145.45
-715.73,145.25
-715.76,145.05
-715.78,144.85
-715.81,144.64
-715.83,144.44
-715.86,144.24
-715.89,144.04
-715.91,143.84
-715.94,143.64
-715.96,143.44
-715.99,143.24
-716.02,143.04
-716.04,142.84
-716.07,142.64
-716.1,142.44
-716.12,142.24
-716.15,142.04
-716.18,141.84
-716.2,141.64
