-725.36,944.66
-725.3,944.37
-725.23,944.08
-725.17,943.79
-725.1,943.5
-725.04,943.2
-724.97,942.91
-724.93,942.72
-724.86,942.42
-724.82,942.23
-724.77,942.03
-724.73,941.83
-724.69,941.64
-724.64,941.44
-724.6,941.24
-724.56,941.05
-724.51,940.85
-724.47,940.65
-724.43,940.45
-724.38,940.25
-724.34,940.05
-724.29,939.86
-724.25,939.66
-724.2,939.46
-724.16,939.26
-724.12,939.06
-724.07,938.86
-724.03,938.66
-723.98,938.46
-723.94,938.26
-723.9,938.06
-723.85,937.86
-723.81,937.66
-723.77,937.45
-723.72,937.25
-723.68,937.05
-723.64,936.85
-723.59,936.64
-723.55,936.44
-723.5,936.24
-723.46,936.04
-723.42,935.83
-723.37,935.63
-723.33,935.42
-723.29,935.22
-723.24,935.01
-723.2,934.81
-723.16,934.6
-723.12,934.4
-723.07,934.19
-723.03,933.99
-722.99,933.78
-722.95,933.57
-722.9,933.37
-722.86,933.16
-722.82,932.95
-722.78,932.74
-722.73,932.53
-722.69,932.33
-722.65,932.12
-722.61,931.91
-722.57,931.7
-722.52,931.49
-722.48,931.28
-722.44,931.07
-722.4,930.86
-722.36,930.65
-722.31,930.44
-722.27,930.23
-722.23,930.02
-722.19,929.81
-722.15,929.6
-722.11,929.39
-722.07,929.17
-722.03,928.96
-721.99,928.75
-721.95,928.54
-721.9,928.32
-721.86,928.11
-721.82,927.9
-721.78,927.68
-721.74,927.47
-721.7,927.26
-721.66,927.04
-721.62,926.83
-721.58,926.62
-721.54,926.4
-721.5,926.19
-721.46,925.97
-721.43,925.75
-721.39,925.54
-721.35,925.32
-721.31,925.11
-721.27,924.89
-721.24,924.67
-721.2,924.46
-721.16,924.24
-721.12,924.02
-721.09,923.81
-721.05,923.59
-721.01,923.37
-720.97,923.16
-720.94,922.94
-720.9,922.72
-720.86,922.5
-720.83,922.28
-720.79,922.06
-720.76,921.84
-720.72,921.62
-720.68,921.4
-720.65,921.18
-720.61,920.96
-720.58,920.74
-720.54,920.52
-720.51,920.3
-720.47,920.08
-720.44,919.86
-720.4,919.64
-720.36,919.42
-720.33,919.2
-720.3,918.97
-720.26,918.75
-720.23,918.53
-720.19,918.31
-720.16,918.09
-720.12,917.86
-720.09,917.64
-720.05,917.42
-720.02,917.2
-719.99,916.97
-719.95,916.75
-719.92,916.53
-719.88,916.3
-719.85,916.08
-719.82,915.86
-719.78,915.63
-719.75,915.41
-719.72,915.18
-719.68,914.96
-719.65,914.73
-719.62,914.51
-719.58,914.28
-719.55,914.06
-719.52,913.83
-719.48,913.61
-719.45,913.38
-719.42,913.15
-719.38,912.93
-719.35,912.7
-719.32,912.48
-719.29,912.25
-719.25,912.02
-719.22,911.8
-719.19,911.57
-719.16,911.34
-719.12,911.11
-719.09,910.89
-719.06,910.66
-719.03,910.43
-719,910.2
-718.96,909.97
-718.93,909.74
-718.9,909.51
-718.87,909.29
-718.83,909.06
-718.8,908.83
-718.77,908.6
-718.74,908.37
-718.71,908.14
-718.68,907.91
-718.64,907.68
-718.61,907.45
-718.58,907.22
-718.55,906.99
-718.52,906.76
-718.49,906.53
-718.46,906.3
-718.42,906.07
-718.39,905.84
-718.36,905.61
-718.33,905.38
-718.3,905.14
-718.26,904.91
-718.23,904.68
-718.2,904.45
-718.17,904.22
-718.14,903.98
-718.1,903.75
-718.07,903.52
-718.04,903.28
-718.01,903.05
-717.97,902.81
-717.94,902.58
-717.91,902.35
-717.88,902.11
-717.85,901.88
-717.82,901.64
-717.78,901.41
-717.75,901.18
-717.72,900.94
-717.69,900.71
-717.65,900.47
-717.62,900.24
-717.59,900
-717.56,899.77
-717.53,899.53
-717.49,899.3
-717.46,899.06
-717.43,898.83
-717.4,898.59
-717.37,898.35
-717.34,898.12
-717.31,897.88
-717.27,897.64
-717.24,897.41
-717.21,897.17
-717.18,896.93
-717.15,896.69
-717.11,896.46
-717.08,896.22
-717.05,895.98
-717.02,895.74
-716.99,895.51
-716.96,895.27
-716.92,895.03
-716.89,894.79
-716.86,894.55
-716.83,894.31
-716.8,894.08
-716.77,893.84
-716.73,893.6
-716.7,893.36
-716.67,893.12
-716.64,892.88
-716.61,892.64
-716.58,892.4
-716.54,892.16
-716.51,891.92
-716.48,891.68
-716.45,891.44
-716.42,891.2
-716.39,890.96
-716.36,890.72
-716.32,890.48
-716.29,890.24
-716.26,890
-716.23,889.76
-716.2,889.52
-716.17,889.28
-716.14,889.03
-716.11,888.79
-716.08,888.55
-716.05,888.31
-716.02,888.07
-715.99,887.82
-715.96,887.58
-715.93,887.34
-715.9,887.1
-715.87,886.85
-715.84,886.61
-715.81,886.37
-715.78,886.13
-715.75,885.88
-715.72,885.64
-715.69,885.39
-715.66,885.15
-715.63,884.91
-715.6,884.66
-715.57,884.42
-715.54,884.17
-715.51,883.93
-715.49,883.69
-715.46,883.44
-715.43,883.2
-715.4,882.95
-715.37,882.71
-715.35,882.46
-715.32,882.21
-715.29,881.97
-715.26,881.72
-715.23,881.48
-715.21,881.23
-715.18,880.99
-715.15,880.74
-715.12,880.49
-715.1,880.25
-715.07,880
-715.04,879.76
-715.02,879.51
-714.99,879.26
-714.96,879.02
-714.94,878.77
-714.91,878.52
-714.89,878.27
-714.86,878.03
-714.83,877.78
-714.81,877.53
-714.78,877.28
-714.76,877.04
-714.73,876.79
-714.7,876.54
-714.68,876.29
-714.65,876.04
-714.63,875.79
-714.6,875.55
-714.58,875.3
-714.55,875.05
-714.53,874.8
-714.5,874.55
-714.48,874.3
-714.45,874.05
-714.43,873.8
-714.4,873.56
-714.38,873.31
-714.35,873.06
-714.33,872.81
-714.3,872.56
-714.28,872.31
-714.25,872.06
-714.23,871.81
-714.2,871.56
-714.18,871.31
-714.16,871.06
-714.13,870.81
-714.11,870.56
-714.09,870.31
-714.06,870.06
-714.04,869.82
-714.02,869.57
-713.99,869.32
-713.97,869.07
-713.94,868.81
-713.92,868.56
-713.9,868.31
-713.88,868.06
-713.85,867.81
-713.83,867.56
-713.81,867.31
-713.79,867.06
-713.76,866.81
-713.74,866.56
-713.72,866.31
-713.7,866.06
-713.68,865.81
-713.65,865.56
-713.63,865.31
-713.61,865.06
-713.59,864.81
-713.57,864.56
-713.55,864.3
-713.52,864.05
-713.5,863.8
-713.48,863.55
-713.46,863.3
-713.44,863.05
-713.42,862.8
-713.4,862.55
-713.38,862.3
-713.36,862.05
-713.33,861.79
-713.31,861.54
-713.29,861.29
-713.27,861.04
-713.25,860.79
-713.23,860.53
-713.21,860.28
-713.19,860.03
-713.17,859.78
-713.15,859.53
-713.13,859.28
-713.11,859.03
-713.09,858.78
-713.07,858.53
-713.05,858.28
-713.03,858.03
-713.01,857.79
-712.99,857.54
-712.98,857.29
-712.96,857.04
-712.94,856.79
-712.92,856.55
-712.9,856.3
-712.89,856.05
-712.87,855.8
-712.85,855.55
-712.84,855.3
-712.82,855.05
-712.8,854.8
-712.79,854.56
-712.77,854.31
-712.75,854.06
-712.74,853.81
-712.72,853.56
-712.7,853.32
-712.69,853.07
-712.67,852.82
-712.65,852.58
-712.64,852.33
-712.62,852.09
-712.61,851.84
-712.59,851.6
-712.58,851.35
-712.56,851.11
-712.55,850.86
-712.53,850.62
-712.51,850.37
-712.5,850.13
-712.48,849.88
-712.47,849.64
-712.45,849.39
-712.44,849.15
-712.42,848.9
-712.41,848.66
-712.4,848.41
-712.38,848.17
-712.37,847.92
-712.35,847.68
-712.34,847.43
-712.33,847.19
-712.31,846.94
-712.3,846.7
-712.29,846.45
-712.27,846.21
-712.26,845.96
-712.25,845.72
-712.23,845.47
-712.22,845.23
-712.21,844.98
-712.19,844.74
-712.18,844.49
-712.17,844.24
-712.15,844
-712.14,843.75
-712.13,843.5
-712.12,843.26
-712.1,843.01
-712.09,842.76
-712.08,842.51
-712.07,842.27
-712.05,842.02
-712.04,841.77
-712.03,841.52
-712.02,841.27
-712,841.03
-711.99,840.78
-711.98,840.53
-711.97,840.28
-711.96,840.04
-711.95,839.79
-711.94,839.54
-711.92,839.29
-711.91,839.04
-711.9,838.8
-711.89,838.55
-711.88,838.3
-711.87,838.05
-711.86,837.8
-711.85,837.55
-711.84,837.3
-711.83,837.06
-711.82,836.81
-711.81,836.56
-711.79,836.31
-711.79,836.06
-711.77,835.81
-711.76,835.56
-711.75,835.31
-711.74,835.06
-711.73,834.81
-711.72,834.56
-711.71,834.31
-711.7,834.06
-711.69,833.81
-711.69,833.56
-711.68,833.31
-711.67,833.06
-711.66,832.81
-711.65,832.56
-711.64,832.31
-711.63,832.06
-711.62,831.81
-711.62,831.56
-711.61,831.31
-711.6,831.06
-711.59,830.81
-711.58,830.56
-711.58,830.31
-711.57,830.06
-711.56,829.81
-711.55,829.56
-711.55,829.31
-711.54,829.06
-711.53,828.81
-711.52,828.56
-711.52,828.31
-711.51,828.06
-711.5,827.82
-711.5,827.57
-711.49,827.32
-711.48,827.07
-711.48,826.82
-711.47,826.57
-711.46,826.32
-711.46,826.07
-711.45,825.82
-711.45,825.57
-711.44,825.32
-711.43,825.07
-711.43,824.82
-711.42,824.57
-711.42,824.32
-711.41,824.07
-711.4,823.82
-711.4,823.57
-711.39,823.32
-711.39,823.07
-711.38,822.82
-711.38,822.57
-711.37,822.33
-711.37,822.08
-711.36,821.83
-711.36,821.58
-711.36,821.33
-711.35,821.09
-711.35,820.84
-711.34,820.59
-711.34,820.34
-711.33,820.1
-711.33,819.85
-711.33,819.6
-711.32,819.36
-711.32,819.11
-711.31,818.86
-711.31,818.61
-711.3,818.37
-711.3,818.12
-711.3,817.88
-711.3,817.63
-711.29,817.38
-711.29,817.14
-711.29,816.89
-711.28,816.65
-711.28,816.4
-711.28,816.16
-711.27,815.91
-711.27,815.67
-711.27,815.42
-711.27,815.18
-711.27,814.94
-711.26,814.69
-711.26,814.45
-711.26,814.2
-711.26,813.96
-711.25,813.71
-711.25,813.47
-711.25,813.23
-711.25,812.98
-711.25,812.74
-711.24,812.49
-711.24,812.25
-711.24,812.01
-711.24,811.77
-711.24,811.52
-711.23,811.28
-711.23,811.04
-711.23,810.8
-711.23,810.56
-711.23,810.32
-711.22,810.07
-711.22,809.83
-711.22,809.59
-711.22,809.35
-711.22,809.11
-711.22,808.87
-711.22,808.63
-711.22,808.39
-711.22,808.15
-711.21,807.91
-711.21,807.67
-711.21,807.43
-711.21,807.18
-711.21,806.94
-711.21,806.7
-711.21,806.46
-711.21,806.22
-711.21,805.98
-711.21,805.74
-711.2,805.49
-711.2,805.25
-711.2,805.01
-711.2,804.77
-711.2,804.53
-711.2,804.28
-711.2,804.04
-711.2,803.8
-711.2,803.56
-711.2,803.32
-711.2,803.07
-711.2,802.83
-711.2,802.59
-711.2,802.35
-711.2,802.1
-711.2,801.86
-711.19,801.62
-711.19,801.37
-711.19,801.13
-711.19,800.89
-711.19,800.65
-711.19,800.4
-711.19,800.16
-711.19,799.92
-711.19,799.68
-711.19,799.43
-711.19,799.19
-711.19,798.95
-711.19,798.7
-711.19,798.46
-711.19,798.22
-711.2,797.97
-711.2,797.73
-711.2,797.49
-711.2,797.24
-711.2,797
-711.2,796.76
-711.2,796.51
-711.2,796.27
-711.2,796.03
-711.2,795.78
-711.2,795.54
-711.2,795.3
-711.21,795.05
-711.21,794.81
-711.21,794.57
-711.21,794.33
-711.21,794.08
-711.21,793.84
-711.21,793.6
-711.21,793.35
-711.22,793.11
-711.22,792.87
-711.22,792.63
-711.22,792.39
-711.22,792.14
-711.22,791.9
-711.22,791.66
-711.23,791.42
-711.23,791.18
-711.23,790.94
-711.23,790.7
-711.23,790.45
-711.23,790.21
-711.23,789.97
-711.24,789.73
-711.24,789.49
-711.24,789.25
-711.24,789.01
-711.24,788.77
-711.24,788.53
-711.24,788.29
-711.24,788.05
-711.25,787.81
-711.25,787.57
-711.25,787.33
-711.25,787.09
-711.25,786.85
-711.25,786.61
-711.25,786.37
-711.26,786.13
-711.26,785.89
-711.26,785.65
-711.26,785.41
-711.26,785.17
-711.26,784.93
-711.26,784.69
-711.26,784.45
-711.26,784.21
-711.26,783.97
-711.26,783.74
-711.26,783.5
-711.26,783.26
-711.26,783.02
-711.26,782.78
-711.26,782.54
-711.26,782.3
-711.26,782.06
-711.26,781.83
-711.27,781.59
-711.27,781.35
-711.27,781.11
-711.27,780.87
-711.27,780.64
-711.27,780.4
-711.27,780.16
-711.26,779.92
-711.27,779.69
-711.27,779.45
-711.27,779.21
-711.27,778.98
-711.27,778.74
-711.27,778.51
-711.27,778.27
-711.27,778.03
-711.26,777.8
-711.26,777.56
-711.26,777.32
-711.26,777.09
-711.26,776.85
-711.26,776.62
-711.26,776.38
-711.26,776.15
-711.26,775.91
-711.26,775.67
-711.26,775.44
-711.26,775.2
-711.26,774.97
-711.26,774.73
-711.26,774.5
-711.26,774.26
-711.26,774.02
-711.26,773.79
-711.26,773.55
-711.26,773.32
-711.26,773.08
-711.26,772.85
-711.26,772.61
-711.26,772.38
-711.26,772.14
-711.26,771.91
-711.26,771.68
-711.26,771.44
-711.26,771.21
-711.26,770.97
-711.26,770.74
-711.26,770.5
-711.26,770.27
-711.26,770.04
-711.26,769.8
-711.26,769.57
-711.26,769.33
-711.26,769.1
-711.26,768.87
-711.26,768.63
-711.26,768.4
-711.26,768.17
-711.26,767.93
-711.26,767.7
-711.26,767.47
-711.26,767.23
-711.26,767
-711.26,766.77
-711.26,766.53
-711.26,766.3
-711.26,766.07
-711.27,765.83
-711.26,765.6
-711.26,765.37
-711.26,765.13
-711.26,764.9
-711.26,764.66
-711.27,764.43
-711.26,764.2
-711.26,763.96
-711.27,763.73
-711.26,763.5
-711.27,763.27
-711.27,763.03
-711.27,762.8
-711.27,762.57
-711.27,762.34
-711.27,762.1
-711.27,761.87
-711.27,761.64
-711.27,761.41
-711.27,761.18
-711.27,760.95
-711.27,760.71
-711.26,760.48
-711.26,760.25
-711.26,760.02
-711.26,759.79
-711.26,759.57
-711.26,759.33
-711.26,759.1
-711.26,758.88
-711.26,758.64
-711.26,758.42
-711.26,758.19
-711.26,757.96
-711.27,757.73
-711.27,757.5
-711.27,757.27
-711.27,757.04
-711.27,756.81
-711.27,756.58
-711.27,756.35
-711.27,756.12
-711.27,755.89
-711.27,755.66
-711.27,755.43
-711.27,755.19
-711.27,754.96
-711.27,754.73
-711.27,754.5
-711.27,754.27
-711.27,754.04
-711.27,753.81
-711.27,753.58
-711.27,753.35
-711.27,753.12
-711.27,752.89
-711.27,752.66
-711.27,752.43
-711.27,752.2
-711.27,751.97
-711.27,751.74
-711.27,751.51
-711.27,751.28
-711.27,751.05
-711.28,750.82
-711.28,750.59
-711.28,750.36
-711.28,750.13
-711.28,749.9
-711.28,749.68
-711.28,749.45
-711.28,749.22
-711.28,748.99
-711.28,748.76
-711.28,748.53
-711.28,748.31
-711.28,748.08
-711.28,747.85
-711.28,747.62
-711.29,747.4
-711.29,747.17
-711.29,746.94
-711.29,746.72
-711.29,746.49
-711.29,746.26
-711.29,746.04
-711.29,745.81
-711.29,745.58
-711.29,745.36
-711.29,745.13
-711.3,744.9
-711.3,744.68
-711.3,744.45
-711.3,744.22
-711.3,744
-711.3,743.77
-711.3,743.54
-711.3,743.31
-711.3,743.09
-711.3,742.86
-711.3,742.64
-711.3,742.41
-711.3,742.18
-711.3,741.96
-711.3,741.73
-711.3,741.5
-711.3,741.28
-711.3,741.05
-711.3,740.83
-711.3,740.6
-711.3,740.38
-711.3,740.15
-711.3,739.93
-711.3,739.7
-711.31,739.48
-711.31,739.25
-711.31,739.03
-711.31,738.8
-711.31,738.58
-711.31,738.36
-711.31,738.13
-711.31,737.91
-711.31,737.69
-711.32,737.46
-711.32,737.24
-711.32,737.01
-711.32,736.79
-711.32,736.56
-711.32,736.34
-711.32,736.11
-711.32,735.89
-711.32,735.66
-711.32,735.44
-711.33,735.21
-711.33,734.99
-711.33,734.76
-711.33,734.54
-711.33,734.32
-711.33,734.09
-711.33,733.87
-711.33,733.64
-711.33,733.42
-711.33,733.2
-711.33,732.97
-711.33,732.75
-711.33,732.53
-711.33,732.3
-711.33,732.08
-711.33,731.85
-711.34,731.63
-711.34,731.41
-711.34,731.18
-711.34,730.96
-711.34,730.74
-711.34,730.51
-711.34,730.29
-711.34,730.07
-711.34,729.84
-711.34,729.62
-711.34,729.4
-711.34,729.17
-711.34,728.95
-711.34,728.72
-711.34,728.5
-711.34,728.28
-711.34,728.05
-711.34,727.83
-711.34,727.61
-711.34,727.39
-711.34,727.16
-711.34,726.94
-711.34,726.72
-711.34,726.5
-711.34,726.27
-711.34,726.05
-711.34,725.83
-711.34,725.61
-711.34,725.38
-711.34,725.16
-711.34,724.94
-711.34,724.71
-711.34,724.49
-711.34,724.27
-711.35,724.04
-711.35,723.82
-711.35,723.6
-711.35,723.38
-711.35,723.15
-711.35,722.93
-711.35,722.71
-711.36,722.49
-711.36,722.26
-711.36,722.04
-711.36,721.82
-711.36,721.6
-711.36,721.37
-711.36,721.15
-711.37,720.93
-711.37,720.71
-711.37,720.49
-711.37,720.26
-711.37,720.04
-711.37,719.82
-711.38,719.6
-711.38,719.37
-711.38,719.15
-711.38,718.93
-711.38,718.71
-711.38,718.48
-711.38,718.26
-711.38,718.04
-711.39,717.81
-711.39,717.59
-711.39,717.37
-711.39,717.15
-711.39,716.92
-711.39,716.7
-711.39,716.48
-711.4,716.25
-711.4,716.03
-711.4,715.81
-711.4,715.58
-711.4,715.36
-711.4,715.14
-711.4,714.91
-711.4,714.69
-711.41,714.46
-711.41,714.24
-711.41,714.02
-711.41,713.79
-711.41,713.56
-711.41,713.34
-711.41,713.11
-711.41,712.88
-711.41,712.66
-711.41,712.43
-711.41,712.2
-711.42,711.98
-711.42,711.75
-711.42,711.53
-711.42,711.3
-711.42,711.08
-711.42,710.85
-711.43,710.63
-711.43,710.4
-711.43,710.18
-711.43,709.95
-711.43,709.73
-711.44,709.5
-711.44,709.28
-711.44,709.05
-711.44,708.82
-711.44,708.6
-711.44,708.37
-711.44,708.14
-711.44,707.92
-711.44,707.69
-711.43,707.46
-711.44,707.24
-711.43,707.01
-711.43,706.78
-711.43,706.56
-711.43,706.33
-711.43,706.1
-711.43,705.88
-711.43,705.65
-711.42,705.42
-711.42,705.2
-711.42,704.97
-711.42,704.74
-711.42,704.51
-711.41,704.28
-711.41,704.05
-711.41,703.83
-711.41,703.6
-711.41,703.37
-711.41,703.14
-711.4,702.92
-711.4,702.69
-711.4,702.46
-711.4,702.24
-711.39,702.01
-711.4,701.78
-711.39,701.55
-711.39,701.32
-711.39,701.1
-711.39,700.87
-711.39,700.65
-711.39,700.42
-711.38,700.19
-711.39,699.97
-711.39,699.74
-711.39,699.52
-711.39,699.29
-711.39,699.07
-711.39,698.84
-711.39,698.62
-711.4,698.39
-711.4,698.16
-711.4,697.94
-711.4,697.71
-711.4,697.49
-711.4,697.26
-711.4,697.03
-711.4,696.8
-711.4,696.58
-711.4,696.35
-711.4,696.12
-711.4,695.9
-711.4,695.67
-711.4,695.44
-711.4,695.22
-711.41,694.99
-711.4,694.76
-711.4,694.53
-711.41,694.31
-711.41,694.08
-711.4,693.85
-711.41,693.63
-711.41,693.4
-711.41,693.17
-711.41,692.94
-711.41,692.72
-711.41,692.49
-711.41,692.26
-711.41,692.04
-711.41,691.81
-711.42,691.58
-711.42,691.36
-711.42,691.13
-711.42,690.9
-711.42,690.68
-711.42,690.45
-711.42,690.22
-711.43,690
-711.43,689.77
-711.43,689.54
-711.43,689.31
-711.43,689.08
-711.43,688.86
-711.43,688.63
-711.43,688.4
-711.43,688.17
-711.44,687.94
-711.44,687.71
-711.44,687.49
-711.44,687.26
-711.44,687.03
-711.44,686.8
-711.45,686.57
-711.45,686.34
-711.45,686.12
-711.45,685.89
-711.45,685.66
-711.45,685.43
-711.45,685.2
-711.45,684.98
-711.45,684.75
-711.46,684.52
-711.46,684.29
-711.46,684.07
-711.46,683.84
-711.46,683.61
-711.46,683.39
-711.47,683.16
-711.47,682.93
-711.47,682.71
-711.47,682.48
-711.48,682.25
-711.48,682.02
-711.48,681.8
-711.48,681.57
-711.48,681.34
-711.48,681.12
-711.49,680.89
-711.49,680.66
-711.49,680.44
-711.49,680.21
-711.49,679.98
-711.5,679.75
-711.5,679.53
-711.5,679.3
-711.51,679.07
-711.51,678.84
-711.51,678.62
-711.51,678.39
-711.51,678.16
-711.52,677.94
-711.52,677.71
-711.52,677.48
-711.52,677.26
-711.52,677.03
-711.53,676.8
-711.53,676.57
-711.53,676.34
-711.53,676.12
-711.54,675.89
-711.54,675.66
-711.54,675.43
-711.54,675.21
-711.54,674.98
-711.55,674.75
-711.55,674.52
-711.55,674.3
-711.55,674.07
-711.55,673.84
-711.56,673.62
-711.56,673.39
-711.56,673.17
-711.57,672.94
-711.57,672.72
-711.57,672.49
-711.57,672.27
-711.58,672.04
-711.58,671.82
-711.58,671.6
-711.58,671.37
-711.58,671.15
-711.59,670.92
-711.59,670.7
-711.59,670.48
-711.59,670.25
-711.6,670.03
-711.6,669.8
-711.6,669.58
-711.6,669.36
-711.6,669.13
-711.61,668.91
-711.61,668.69
-711.61,668.47
-711.62,668.24
-711.62,668.02
-711.62,667.79
-711.63,667.57
-711.63,667.35
-711.63,667.13
-711.64,666.9
-711.64,666.68
-711.64,666.46
-711.65,666.23
-711.65,666.01
-711.65,665.79
-711.66,665.57
-711.66,665.35
-711.66,665.12
-711.67,664.9
-711.67,664.68
-711.67,664.46
-711.68,664.24
-711.68,664.02
-711.68,663.79
-711.68,663.57
-711.69,663.35
-711.69,663.13
-711.69,662.91
-711.7,662.69
-711.7,662.47
-711.7,662.25
-711.7,662.03
-711.7,661.81
-711.71,661.59
-711.71,661.36
-711.71,661.14
-711.71,660.92
-711.72,660.7
-711.72,660.48
-711.72,660.25
-711.72,660.03
-711.73,659.81
-711.73,659.59
-711.73,659.37
-711.73,659.14
-711.73,658.92
-711.73,658.7
-711.73,658.48
-711.73,658.25
-711.74,658.03
-711.74,657.8
-711.74,657.58
-711.74,657.36
-711.74,657.13
-711.74,656.91
-711.74,656.68
-711.74,656.46
-711.74,656.23
-711.75,656.01
-711.75,655.78
-711.75,655.55
-711.75,655.33
-711.75,655.1
-711.75,654.87
-711.75,654.65
-711.75,654.42
-711.75,654.19
-711.76,653.96
-711.76,653.73
-711.76,653.5
-711.76,653.26
-711.76,653.04
-711.77,652.8
-711.77,652.57
-711.77,652.34
-711.77,652.11
-711.77,651.88
-711.77,651.65
-711.78,651.42
-711.78,651.18
-711.78,650.95
-711.78,650.72
-711.78,650.49
-711.78,650.26
-711.79,650.02
-711.79,649.79
-711.79,649.56
-711.79,649.33
-711.79,649.09
-711.79,648.86
-711.79,648.63
-711.79,648.39
-711.79,648.16
-711.8,647.92
-711.8,647.69
-711.8,647.46
-711.8,647.22
-711.8,646.99
-711.8,646.75
-711.81,646.52
-711.81,646.28
-711.81,646.05
-711.81,645.81
-711.81,645.58
-711.81,645.34
-711.82,645.1
-711.82,644.87
-711.82,644.63
-711.82,644.39
-711.82,644.16
-711.83,643.92
-711.83,643.68
-711.83,643.44
-711.83,643.21
-711.83,642.97
-711.83,642.73
-711.83,642.5
-711.83,642.26
-711.84,642.02
-711.84,641.79
-711.84,641.55
-711.84,641.31
-711.84,641.08
-711.84,640.84
-711.84,640.6
-711.84,640.36
-711.84,640.12
-711.85,639.88
-711.85,639.64
-711.85,639.4
-711.85,639.16
-711.85,638.92
-711.85,638.68
-711.85,638.44
-711.85,638.2
-711.86,637.96
-711.86,637.72
-711.86,637.48
-711.86,637.24
-711.86,637
-711.86,636.76
-711.87,636.52
-711.87,636.28
-711.87,636.04
-711.87,635.79
-711.88,635.55
-711.88,635.31
-711.88,635.07
-711.88,634.83
-711.88,634.58
-711.89,634.34
-711.89,634.1
-711.89,633.85
-711.89,633.61
-711.9,633.37
-711.9,633.12
-711.9,632.88
-711.91,632.63
-711.91,632.39
-711.91,632.14
-711.91,631.9
-711.92,631.66
-711.92,631.41
-711.92,631.17
-711.92,630.92
-711.93,630.68
-711.93,630.43
-711.93,630.19
-711.94,629.94
-711.94,629.69
-711.94,629.45
-711.95,629.2
-711.95,628.95
-711.95,628.71
-711.96,628.46
-711.96,628.21
-711.96,627.97
-711.96,627.72
-711.97,627.47
-711.97,627.22
-711.97,626.97
-711.98,626.72
-711.98,626.48
-711.98,626.23
-711.99,625.98
-711.99,625.73
-711.99,625.48
-711.99,625.23
-712,624.98
-712,624.73
-712,624.48
-712,624.23
-712,623.98
-712.01,623.73
-712.01,623.48
-712.01,623.23
-712.01,622.98
-712.01,622.73
-712.01,622.48
-712.02,622.23
-712.02,621.98
-712.02,621.72
-712.02,621.47
-712.02,621.22
-712.02,620.97
-712.02,620.72
-712.03,620.46
-712.03,620.21
-712.03,619.96
-712.03,619.71
-712.03,619.45
-712.04,619.2
-712.04,618.95
-712.04,618.7
-712.04,618.44
-712.05,618.19
-712.05,617.94
-712.05,617.69
-712.05,617.43
-712.06,617.18
-712.06,616.92
-712.06,616.67
-712.06,616.42
-712.06,616.16
-712.06,615.91
-712.06,615.65
-712.07,615.4
-712.07,615.14
-712.07,614.89
-712.07,614.63
-712.07,614.37
-712.08,614.12
-712.08,613.86
-712.08,613.61
-712.08,613.35
-712.08,613.09
-712.09,612.84
-712.09,612.58
-712.09,612.32
-712.09,612.07
-712.1,611.81
-712.1,611.55
-712.1,611.3
-712.1,611.04
-712.11,610.78
-712.11,610.52
-712.11,610.27
-712.12,610.01
-712.12,609.75
-712.12,609.49
-712.13,609.24
-712.13,608.98
-712.13,608.72
-712.14,608.46
-712.14,608.2
-712.14,607.94
-712.15,607.69
-712.15,607.43
-712.15,607.17
-712.16,606.91
-712.16,606.65
-712.17,606.39
-712.17,606.13
-712.17,605.87
-712.18,605.61
-712.18,605.35
-712.18,605.08
-712.19,604.82
-712.19,604.56
-712.19,604.3
-712.19,604.04
-712.2,603.78
-712.2,603.51
-712.2,603.25
-712.21,602.99
-712.21,602.73
-712.21,602.47
-712.22,602.21
-712.22,601.94
-712.22,601.68
-712.22,601.42
-712.23,601.16
-712.23,600.9
-712.23,600.63
-712.24,600.37
-712.24,600.11
-712.24,599.85
-712.24,599.58
-712.25,599.32
-712.25,599.06
-712.25,598.79
-712.25,598.53
-712.26,598.26
-712.26,598
-712.26,597.73
-712.26,597.47
-712.27,597.2
-712.27,596.94
-712.27,596.67
-712.27,596.41
-712.28,596.14
-712.28,595.87
-712.28,595.61
-712.29,595.34
-712.29,595.07
-712.29,594.81
-712.29,594.54
-712.3,594.27
-712.3,594.01
-712.3,593.74
-712.31,593.47
-712.31,593.21
-712.31,592.94
-712.32,592.67
-712.32,592.4
-712.32,592.14
-712.32,591.87
-712.32,591.6
-712.33,591.33
-712.33,591.06
-712.33,590.8
-712.33,590.53
-712.33,590.26
-712.34,589.99
-712.34,589.72
-712.34,589.45
-712.34,589.18
-712.34,588.91
-712.34,588.65
-712.34,588.38
-712.35,588.11
-712.35,587.84
-712.35,587.57
-712.35,587.3
-712.35,587.03
-712.35,586.76
-712.35,586.49
-712.36,586.22
-712.36,585.95
-712.36,585.68
-712.36,585.41
-712.36,585.13
-712.36,584.86
-712.36,584.59
-712.36,584.32
-712.36,584.05
-712.36,583.78
-712.36,583.5
-712.36,583.23
-712.36,582.96
-712.37,582.69
-712.37,582.42
-712.37,582.14
-712.37,581.87
-712.37,581.6
-712.37,581.33
-712.37,581.06
-712.38,580.78
-712.38,580.51
-712.38,580.24
-712.38,579.96
-712.39,579.69
-712.39,579.42
-712.39,579.14
-712.39,578.87
-712.4,578.59
-712.4,578.32
-712.4,578.05
-712.4,577.77
-712.41,577.5
-712.41,577.23
-712.41,576.95
-712.41,576.68
-712.41,576.4
-712.42,576.13
-712.42,575.86
-712.42,575.58
-712.42,575.31
-712.42,575.03
-712.43,574.76
-712.43,574.48
-712.43,574.21
-712.43,573.94
-712.44,573.66
-712.44,573.39
-712.44,573.11
-712.44,572.83
-712.44,572.56
-712.44,572.28
-712.45,572.01
-712.45,571.73
-712.45,571.46
-712.45,571.18
-712.45,570.9
-712.45,570.63
-712.45,570.35
-712.45,570.08
-712.45,569.8
-712.46,569.52
-712.46,569.25
-712.46,568.97
-712.46,568.69
-712.46,568.42
-712.46,568.14
-712.47,567.86
-712.47,567.59
-712.47,567.31
-712.47,567.03
-712.47,566.76
-712.48,566.48
-712.48,566.2
-712.48,565.93
-712.48,565.65
-712.48,565.38
-712.49,565.1
-712.49,564.82
-712.49,564.54
-712.49,564.27
-712.49,563.99
-712.5,563.71
-712.5,563.44
-712.5,563.16
-712.5,562.88
-712.5,562.6
-712.5,562.33
-712.51,562.05
-712.51,561.77
-712.51,561.5
-712.51,561.22
-712.51,560.95
-712.51,560.67
-712.52,560.39
-712.52,560.12
-712.52,559.84
-712.52,559.57
-712.52,559.29
-712.52,559.02
-712.53,558.74
-712.53,558.47
-712.53,558.19
-712.53,557.92
-712.53,557.64
-712.53,557.37
-712.54,557.1
-712.54,556.82
-712.54,556.55
-712.54,556.28
-712.54,556
-712.54,555.73
-712.54,555.46
-712.55,555.18
-712.55,554.91
-712.55,554.64
-712.55,554.37
-712.55,554.09
-712.56,553.82
-712.56,553.55
-712.56,553.28
-712.56,553.01
-712.56,552.73
-712.56,552.46
-712.57,552.19
-712.57,551.92
-712.57,551.65
-712.57,551.38
-712.57,551.11
-712.57,550.84
-712.58,550.57
-712.58,550.3
-712.58,550.03
-712.58,549.76
-712.58,549.49
-712.59,549.23
-712.59,548.96
-712.59,548.69
-712.59,548.42
-712.59,548.15
-712.6,547.88
-712.6,547.61
-712.6,547.35
-712.6,547.08
-712.61,546.81
-712.61,546.54
-712.61,546.27
-712.61,546.01
-712.62,545.74
-712.62,545.47
-712.62,545.21
-712.62,544.94
-712.63,544.67
-712.63,544.41
-712.63,544.14
-712.63,543.88
-712.64,543.61
-712.64,543.34
-712.64,543.08
-712.65,542.81
-712.65,542.55
-712.65,542.28
-712.65,542.02
-712.66,541.75
-712.66,541.49
-712.66,541.22
-712.66,540.96
-712.67,540.7
-712.67,540.43
-712.67,540.17
-712.68,539.91
-712.68,539.64
-712.68,539.38
-712.68,539.12
-712.69,538.86
-712.69,538.59
-712.69,538.33
-712.7,538.07
-712.7,537.81
-712.7,537.54
-712.71,537.28
-712.71,537.02
-712.71,536.76
-712.72,536.5
-712.72,536.23
-712.72,535.97
-712.73,535.71
-712.73,535.44
-712.73,535.18
-712.74,534.92
-712.74,534.65
-712.74,534.39
-712.75,534.13
-712.75,533.86
-712.75,533.6
-712.75,533.34
-712.76,533.08
-712.76,532.82
-712.76,532.56
-712.76,532.29
-712.77,532.03
-712.77,531.77
-712.77,531.51
-712.78,531.25
-712.78,530.98
-712.78,530.72
-712.78,530.46
-712.79,530.2
-712.79,529.93
-712.79,529.67
-712.79,529.41
-712.8,529.14
-712.8,528.88
-712.8,528.62
-712.8,528.36
-712.81,528.09
-712.81,527.83
-712.81,527.57
-712.81,527.31
-712.82,527.04
-712.82,526.78
-712.82,526.52
-712.83,526.25
-712.83,525.99
-712.83,525.73
-712.84,525.47
-712.84,525.2
-712.84,524.94
-712.85,524.68
-712.85,524.41
-712.85,524.15
-712.85,523.89
-712.86,523.63
-712.86,523.36
-712.86,523.1
-712.87,522.84
-712.87,522.57
-712.87,522.31
-712.88,522.05
-712.88,521.78
-712.88,521.52
-712.89,521.26
-712.89,520.99
-712.89,520.73
-712.9,520.47
-712.9,520.2
-712.9,519.94
-712.91,519.68
-712.91,519.41
-712.91,519.15
-712.91,518.88
-712.92,518.62
-712.92,518.36
-712.92,518.09
-712.93,517.83
-712.93,517.56
-712.93,517.3
-712.94,517.03
-712.94,516.77
-712.94,516.51
-712.95,516.24
-712.95,515.98
-712.95,515.71
-712.95,515.45
-712.96,515.19
-712.96,514.92
-712.96,514.66
-712.97,514.39
-712.97,514.13
-712.97,513.87
-712.98,513.6
-712.98,513.34
-712.98,513.07
-712.99,512.8
-712.99,512.54
-712.99,512.27
-713,512.01
-713,511.74
-713,511.48
-713,511.21
-713.01,510.95
-713.01,510.68
-713.01,510.42
-713.01,510.15
-713.02,509.89
-713.02,509.62
-713.02,509.36
-713.03,509.09
-713.03,508.83
-713.03,508.57
-713.03,508.3
-713.03,508.03
-713.04,507.77
-713.04,507.5
-713.04,507.24
-713.04,506.97
-713.04,506.71
-713.05,506.44
-713.05,506.18
-713.05,505.91
-713.05,505.64
-713.06,505.38
-713.06,505.11
-713.06,504.85
-713.06,504.58
-713.07,504.32
-713.07,504.05
-713.07,503.79
-713.07,503.52
-713.07,503.26
-713.08,502.99
-713.08,502.73
-713.08,502.46
-713.08,502.19
-713.08,501.93
-713.08,501.66
-713.09,501.4
-713.09,501.13
-713.09,500.86
-713.09,500.6
-713.09,500.33
-713.09,500.07
-713.09,499.8
-713.09,499.54
-713.09,499.27
-713.1,499.01
-713.1,498.74
-713.1,498.48
-713.1,498.21
-713.1,497.95
-713.1,497.68
-713.11,497.42
-713.11,497.15
-713.11,496.88
-713.11,496.62
-713.11,496.35
-713.11,496.09
-713.12,495.82
-713.12,495.55
-713.12,495.29
-713.12,495.02
-713.12,494.76
-713.12,494.49
-713.13,494.22
-713.13,493.96
-713.13,493.69
-713.13,493.43
-713.13,493.16
-713.13,492.9
-713.13,492.63
-713.13,492.36
-713.14,492.1
-713.14,491.83
-713.14,491.57
-713.14,491.3
-713.14,491.03
-713.15,490.77
-713.15,490.5
-713.15,490.23
-713.15,489.97
-713.15,489.7
-713.15,489.44
-713.16,489.17
-713.16,488.9
-713.16,488.64
-713.16,488.37
-713.16,488.1
-713.17,487.84
-713.17,487.57
-713.17,487.3
-713.17,487.04
-713.18,486.77
-713.18,486.5
-713.18,486.24
-713.18,485.97
-713.18,485.7
-713.18,485.43
-713.19,485.17
-713.19,484.9
-713.19,484.63
-713.19,484.36
-713.19,484.1
-713.19,483.83
-713.2,483.56
-713.2,483.29
-713.2,483.03
-713.2,482.76
-713.21,482.49
-713.21,482.23
-713.21,481.96
-713.21,481.69
-713.21,481.42
-713.22,481.16
-713.22,480.89
-713.22,480.62
-713.23,480.35
-713.23,480.09
-713.23,479.82
-713.23,479.55
-713.24,479.29
-713.24,479.02
-713.24,478.75
-713.25,478.48
-713.25,478.22
-713.25,477.95
-713.26,477.68
-713.26,477.42
-713.26,477.15
-713.27,476.88
-713.27,476.61
-713.27,476.35
-713.28,476.08
-713.28,475.81
-713.28,475.55
-713.29,475.28
-713.29,475.01
-713.29,474.75
-713.29,474.48
-713.3,474.21
-713.3,473.95
-713.3,473.68
-713.3,473.41
-713.31,473.14
-713.31,472.87
-713.31,472.61
-713.32,472.34
-713.32,472.07
-713.32,471.81
-713.32,471.54
-713.33,471.27
-713.33,471
-713.33,470.74
-713.33,470.47
-713.33,470.21
-713.34,469.94
-713.34,469.67
-713.34,469.41
-713.34,469.14
-713.34,468.88
-713.34,468.61
-713.35,468.35
-713.35,468.08
-713.35,467.82
-713.35,467.55
-713.35,467.29
-713.35,467.02
-713.35,466.76
-713.35,466.5
-713.35,466.23
-713.36,465.97
-713.36,465.71
-713.36,465.44
-713.36,465.18
-713.36,464.91
-713.36,464.65
-713.36,464.39
-713.36,464.12
-713.36,463.86
-713.36,463.6
-713.36,463.33
-713.36,463.07
-713.36,462.8
-713.36,462.54
-713.36,462.28
-713.37,462.01
-713.37,461.75
-713.37,461.48
-713.37,461.22
-713.37,460.96
-713.37,460.69
-713.37,460.43
-713.37,460.17
-713.37,459.9
-713.37,459.64
-713.37,459.37
-713.37,459.11
-713.37,458.84
-713.37,458.58
-713.37,458.31
-713.38,458.05
-713.38,457.79
-713.38,457.52
-713.38,457.26
-713.38,457
-713.38,456.73
-713.38,456.47
-713.38,456.21
-713.38,455.94
-713.39,455.68
-713.39,455.41
-713.39,455.15
-713.39,454.89
-713.39,454.62
-713.39,454.36
-713.39,454.09
-713.39,453.83
-713.39,453.57
-713.39,453.3
-713.39,453.04
-713.39,452.77
-713.39,452.51
-713.39,452.24
-713.39,451.98
-713.39,451.72
-713.4,451.45
-713.4,451.19
-713.4,450.92
-713.4,450.66
-713.4,450.4
-713.4,450.13
-713.4,449.87
-713.4,449.6
-713.4,449.34
-713.4,449.08
-713.41,448.81
-713.41,448.55
-713.41,448.28
-713.41,448.02
-713.41,447.76
-713.41,447.49
-713.41,447.23
-713.41,446.97
-713.41,446.7
-713.42,446.44
-713.42,446.18
-713.42,445.91
-713.42,445.65
-713.42,445.39
-713.42,445.12
-713.42,444.86
-713.42,444.6
-713.42,444.33
-713.42,444.07
-713.42,443.81
-713.42,443.54
-713.43,443.28
-713.43,443.01
-713.43,442.75
-713.43,442.48
-713.43,442.22
-713.43,441.95
-713.43,441.69
-713.43,441.43
-713.43,441.16
-713.43,440.9
-713.43,440.63
-713.43,440.37
-713.43,440.11
-713.43,439.84
-713.43,439.58
-713.43,439.32
-713.43,439.05
-713.43,438.79
-713.43,438.53
-713.43,438.26
-713.43,438
-713.43,437.73
-713.43,437.47
-713.43,437.21
-713.43,436.94
-713.43,436.68
-713.43,436.42
-713.43,436.15
-713.43,435.89
-713.43,435.62
-713.43,435.36
-713.43,435.09
-713.43,434.83
-713.43,434.56
-713.43,434.29
-713.43,434.03
-713.43,433.76
-713.44,433.49
-713.44,433.23
-713.44,432.96
-713.44,432.7
-713.44,432.43
-713.44,432.16
-713.44,431.9
-713.44,431.63
-713.44,431.37
-713.45,431.1
-713.45,430.83
-713.45,430.57
-713.45,430.3
-713.45,430.04
-713.45,429.77
-713.45,429.51
-713.45,429.24
-713.45,428.98
-713.45,428.71
-713.46,428.45
-713.46,428.18
-713.46,427.92
-713.46,427.65
-713.46,427.39
-713.46,427.12
-713.46,426.86
-713.47,426.59
-713.47,426.33
-713.47,426.06
-713.47,425.8
-713.47,425.53
-713.47,425.27
-713.47,425
-713.48,424.74
-713.48,424.47
-713.48,424.21
-713.48,423.94
-713.48,423.68
-713.48,423.41
-713.48,423.15
-713.48,422.88
-713.49,422.62
-713.49,422.35
-713.49,422.08
-713.49,421.82
-713.49,421.55
-713.49,421.29
-713.49,421.02
-713.5,420.76
-713.5,420.49
-713.5,420.22
-713.5,419.96
-713.5,419.69
-713.5,419.43
-713.5,419.16
-713.5,418.89
-713.51,418.63
-713.51,418.36
-713.51,418.1
-713.51,417.83
-713.51,417.56
-713.51,417.3
-713.51,417.03
-713.51,416.76
-713.51,416.5
-713.52,416.23
-713.52,415.96
-713.52,415.7
-713.52,415.43
-713.52,415.17
-713.52,414.9
-713.52,414.63
-713.53,414.37
-713.53,414.1
-713.53,413.83
-713.53,413.57
-713.53,413.3
-713.53,413.03
-713.54,412.77
-713.54,412.5
-713.54,412.23
-713.54,411.97
-713.54,411.7
-713.55,411.43
-713.55,411.17
-713.55,410.9
-713.55,410.63
-713.55,410.37
-713.55,410.1
-713.55,409.84
-713.55,409.57
-713.55,409.3
-713.56,409.04
-713.56,408.77
-713.56,408.51
-713.56,408.24
-713.56,407.98
-713.56,407.71
-713.56,407.45
-713.57,407.19
-713.57,406.92
-713.57,406.66
-713.57,406.39
-713.57,406.13
-713.57,405.87
-713.58,405.6
-713.58,405.34
-713.58,405.08
-713.58,404.81
-713.58,404.55
-713.58,404.29
-713.59,404.03
-713.59,403.76
-713.59,403.5
-713.59,403.24
-713.59,402.98
-713.59,402.72
-713.59,402.46
-713.6,402.2
-713.6,401.94
-713.6,401.68
-713.6,401.42
-713.6,401.16
-713.61,400.9
-713.61,400.64
-713.61,400.38
-713.61,400.12
-713.61,399.86
-713.62,399.6
-713.62,399.34
-713.62,399.08
-713.62,398.83
-713.63,398.57
-713.63,398.31
-713.63,398.05
-713.63,397.8
-713.63,397.54
-713.64,397.29
-713.64,397.03
-713.64,396.77
-713.64,396.52
-713.65,396.26
-713.65,396.01
-713.65,395.76
-713.66,395.5
-713.66,395.25
-713.66,394.99
-713.67,394.74
-713.67,394.48
-713.67,394.23
-713.67,393.98
-713.68,393.72
-713.68,393.47
-713.68,393.22
-713.69,392.97
-713.69,392.72
-713.69,392.46
-713.7,392.21
-713.7,391.96
-713.7,391.71
-713.71,391.46
-713.71,391.21
-713.71,390.96
-713.72,390.71
-713.72,390.46
-713.72,390.21
-713.73,389.96
-713.73,389.71
-713.73,389.46
-713.74,389.21
-713.74,388.96
-713.74,388.71
-713.74,388.46
-713.75,388.21
-713.75,387.96
-713.75,387.71
-713.76,387.46
-713.76,387.21
-713.77,386.97
-713.77,386.72
-713.77,386.47
-713.78,386.22
-713.78,385.97
-713.79,385.73
-713.79,385.48
-713.79,385.23
-713.8,384.98
-713.8,384.73
-713.81,384.48
-713.81,384.24
-713.82,383.99
-713.82,383.74
-713.82,383.49
-713.83,383.25
-713.83,383
-713.84,382.75
-713.84,382.51
-713.84,382.26
-713.85,382.02
-713.85,381.77
-713.86,381.53
-713.86,381.28
-713.87,381.04
-713.87,380.79
-713.87,380.55
-713.88,380.31
-713.88,380.06
-713.89,379.82
-713.89,379.58
-713.89,379.33
-713.9,379.09
-713.9,378.84
-713.91,378.6
-713.91,378.36
-713.92,378.11
-713.92,377.87
-713.93,377.63
-713.93,377.39
-713.93,377.14
-713.94,376.9
-713.94,376.66
-713.95,376.42
-713.95,376.18
-713.96,375.94
-713.96,375.69
-713.96,375.45
-713.97,375.21
-713.97,374.97
-713.97,374.73
-713.98,374.49
-713.98,374.25
-713.99,374.01
-713.99,373.78
-714,373.54
-714,373.3
-714.01,373.06
-714.01,372.82
-714.01,372.58
-714.02,372.35
-714.02,372.11
-714.03,371.87
-714.03,371.63
-714.04,371.4
-714.04,371.16
-714.04,370.92
-714.05,370.68
-714.05,370.45
-714.05,370.21
-714.06,369.97
-714.06,369.74
-714.06,369.5
-714.07,369.27
-714.07,369.03
-714.08,368.79
-714.08,368.56
-714.08,368.32
-714.09,368.09
-714.09,367.85
-714.09,367.61
-714.1,367.38
-714.1,367.14
-714.1,366.91
-714.11,366.68
-714.11,366.44
-714.11,366.21
-714.11,365.97
-714.12,365.74
-714.12,365.5
-714.12,365.27
-714.13,365.03
-714.13,364.8
-714.14,364.57
-714.14,364.33
-714.14,364.1
-714.14,363.87
-714.15,363.63
-714.15,363.4
-714.15,363.17
-714.16,362.93
-714.16,362.7
-714.16,362.47
-714.16,362.24
-714.17,362.01
-714.17,361.77
-714.17,361.54
-714.17,361.31
-714.18,361.08
-714.18,360.85
-714.18,360.62
-714.18,360.38
-714.18,360.15
-714.18,359.92
-714.19,359.69
-714.19,359.46
-714.19,359.23
-714.19,358.99
-714.19,358.76
-714.19,358.53
-714.2,358.3
-714.2,358.07
-714.2,357.83
-714.2,357.6
-714.2,357.37
-714.2,357.13
-714.2,356.9
-714.2,356.67
-714.2,356.43
-714.2,356.2
-714.2,355.97
-714.2,355.74
-714.2,355.5
-714.2,355.27
-714.2,355.04
-714.2,354.8
-714.2,354.57
-714.2,354.34
-714.2,354.1
-714.2,353.87
-714.2,353.63
-714.2,353.4
-714.2,353.17
-714.2,352.93
-714.2,352.7
-714.2,352.46
-714.2,352.23
-714.2,351.99
-714.2,351.76
-714.2,351.52
-714.2,351.29
-714.2,351.05
-714.2,350.82
-714.2,350.58
-714.2,350.35
-714.2,350.12
-714.2,349.88
-714.19,349.65
-714.19,349.41
-714.19,349.18
-714.19,348.94
-714.19,348.7
-714.18,348.47
-714.18,348.23
-714.18,348
-714.18,347.76
-714.17,347.52
-714.17,347.29
-714.17,347.05
-714.16,346.81
-714.16,346.58
-714.16,346.34
-714.15,346.1
-714.15,345.87
-714.15,345.63
-714.14,345.39
-714.14,345.16
-714.13,344.92
-714.13,344.69
-714.12,344.45
-714.12,344.21
-714.11,343.98
-714.11,343.74
-714.11,343.5
-714.1,343.27
-714.1,343.03
-714.09,342.79
-714.09,342.55
-714.08,342.32
-714.08,342.08
-714.07,341.84
-714.06,341.6
-714.06,341.37
-714.05,341.13
-714.05,340.89
-714.04,340.65
-714.03,340.42
-714.03,340.18
-714.02,339.94
-714.02,339.7
-714.01,339.47
-714,339.23
-714,338.99
-713.99,338.75
-713.98,338.52
-713.97,338.28
-713.97,338.04
-713.96,337.81
-713.95,337.57
-713.94,337.33
-713.93,337.09
-713.92,336.86
-713.91,336.62
-713.91,336.38
-713.9,336.14
-713.88,335.91
-713.87,335.67
-713.86,335.43
-713.85,335.19
-713.84,334.96
-713.83,334.72
-713.82,334.48
-713.81,334.24
-713.8,334.01
-713.78,333.77
-713.77,333.53
-713.76,333.29
-713.75,333.06
-713.73,332.82
-713.72,332.58
-713.71,332.34
-713.69,332.1
-713.68,331.87
-713.66,331.63
-713.65,331.39
-713.63,331.15
-713.62,330.91
-713.6,330.68
-713.59,330.44
-713.57,330.2
-713.55,329.96
-713.54,329.73
-713.52,329.49
-713.51,329.25
-713.49,329.01
-713.47,328.78
-713.46,328.54
-713.44,328.3
-713.42,328.06
-713.4,327.83
-713.39,327.59
-713.37,327.35
-713.35,327.11
-713.33,326.88
-713.32,326.64
-713.3,326.4
-713.28,326.17
-713.26,325.93
-713.24,325.69
-713.23,325.46
-713.21,325.22
-713.19,324.98
-713.17,324.74
-713.15,324.51
-713.13,324.27
-713.11,324.03
-713.09,323.8
-713.07,323.56
-713.05,323.32
-713.03,323.09
-713.01,322.85
-712.99,322.61
-712.97,322.38
-712.95,322.14
-712.93,321.9
-712.9,321.67
-712.88,321.43
-712.86,321.2
-712.84,320.96
-712.82,320.72
-712.8,320.49
-712.78,320.25
-712.76,320.02
-712.74,319.78
-712.72,319.54
-712.7,319.31
-712.68,319.07
-712.66,318.84
-712.63,318.6
-712.61,318.37
-712.59,318.13
-712.57,317.9
-712.55,317.66
-712.53,317.42
-712.5,317.19
-712.48,316.95
-712.46,316.72
-712.44,316.48
-712.42,316.25
-712.4,316.01
-712.37,315.78
-712.35,315.54
-712.33,315.31
-712.31,315.07
-712.29,314.83
-712.27,314.6
-712.24,314.36
-712.22,314.13
-712.2,313.89
-712.18,313.66
-712.16,313.42
-712.13,313.19
-712.11,312.95
-712.09,312.72
-712.07,312.48
-712.05,312.25
-712.02,312.01
-712,311.78
-711.98,311.54
-711.96,311.31
-711.93,311.07
-711.91,310.83
-711.89,310.6
-711.87,310.36
-711.84,310.13
-711.82,309.89
-711.8,309.66
-711.78,309.42
-711.75,309.19
-711.73,308.95
-711.71,308.72
-711.69,308.49
-711.66,308.25
-711.64,308.02
-711.62,307.78
-711.6,307.55
-711.57,307.32
-711.55,307.08
-711.53,306.85
-711.51,306.61
-711.49,306.38
-711.46,306.14
-711.44,305.91
-711.42,305.68
-711.4,305.44
-711.38,305.21
-711.35,304.97
-711.33,304.74
-711.31,304.5
-711.29,304.27
-711.27,304.03
-711.24,303.8
-711.22,303.56
-711.2,303.33
-711.18,303.09
-711.16,302.85
-711.14,302.62
-711.12,302.39
-711.09,302.15
-711.07,301.91
-711.05,301.68
-711.03,301.44
-711.01,301.21
-710.99,300.97
-710.97,300.74
-710.95,300.5
-710.93,300.27
-710.91,300.03
-710.89,299.8
-710.87,299.56
-710.85,299.33
-710.83,299.09
-710.81,298.86
-710.79,298.62
-710.77,298.39
-710.75,298.15
-710.73,297.92
-710.71,297.68
-710.69,297.45
-710.67,297.21
-710.65,296.98
-710.64,296.75
-710.62,296.51
-710.6,296.27
-710.58,296.04
-710.56,295.8
-710.55,295.57
-710.53,295.33
-710.51,295.1
-710.5,294.86
-710.48,294.63
-710.46,294.39
-710.45,294.16
-710.43,293.92
-710.41,293.68
-710.4,293.45
-710.38,293.21
-710.37,292.98
-710.35,292.74
-710.34,292.5
-710.33,292.27
-710.31,292.03
-710.3,291.79
-710.28,291.56
-710.27,291.32
-710.26,291.08
-710.24,290.85
-710.23,290.61
-710.22,290.37
-710.2,290.14
-710.19,289.9
-710.18,289.66
-710.17,289.43
-710.16,289.19
-710.14,288.95
-710.13,288.72
-710.12,288.48
-710.11,288.24
-710.1,288.01
-710.09,287.77
-710.08,287.53
-710.07,287.3
-710.06,287.06
-710.05,286.82
-710.04,286.59
-710.03,286.35
-710.02,286.12
-710.01,285.88
-710,285.65
-710,285.41
-709.99,285.18
-709.98,284.94
-709.97,284.71
-709.96,284.47
-709.96,284.23
-709.95,284
-709.94,283.76
-709.94,283.53
-709.93,283.29
-709.92,283.06
-709.92,282.82
-709.91,282.59
-709.91,282.35
-709.9,282.12
-709.89,281.88
-709.89,281.65
-709.88,281.41
-709.88,281.18
-709.87,280.94
-709.87,280.71
-709.86,280.48
-709.86,280.24
-709.85,280.01
-709.85,279.77
-709.85,279.54
-709.84,279.31
-709.84,279.07
-709.83,278.84
-709.83,278.6
-709.83,278.37
-709.82,278.14
-709.82,277.9
-709.82,277.67
-709.81,277.43
-709.81,277.2
-709.81,276.97
-709.81,276.73
-709.8,276.5
-709.8,276.26
-709.8,276.03
-709.8,275.79
-709.8,275.56
-709.79,275.33
-709.79,275.09
-709.79,274.86
-709.79,274.62
-709.79,274.39
-709.79,274.15
-709.79,273.92
-709.78,273.68
-709.78,273.45
-709.78,273.22
-709.78,272.98
-709.78,272.75
-709.78,272.51
-709.78,272.28
-709.78,272.04
-709.78,271.8
-709.78,271.57
-709.78,271.33
-709.78,271.09
-709.78,270.86
-709.78,270.62
-709.78,270.39
-709.78,270.15
-709.79,269.91
-709.79,269.68
-709.79,269.44
-709.79,269.21
-709.79,268.97
-709.79,268.73
-709.79,268.5
-709.8,268.26
-709.8,268.03
-709.8,267.79
-709.8,267.56
-709.8,267.32
-709.81,267.09
-709.81,266.85
-709.81,266.62
-709.81,266.38
-709.81,266.14
-709.81,265.91
-709.82,265.67
-709.82,265.43
-709.82,265.2
-709.82,264.96
-709.83,264.73
-709.83,264.49
-709.83,264.25
-709.83,264.02
-709.84,263.78
-709.84,263.55
-709.84,263.31
-709.84,263.07
-709.85,262.84
-709.85,262.6
-709.85,262.36
-709.85,262.13
-709.86,261.89
-709.86,261.65
-709.86,261.42
-709.86,261.18
-709.87,260.94
-709.87,260.71
-709.87,260.47
-709.87,260.23
-709.87,260
-709.88,259.76
-709.88,259.53
-709.88,259.29
-709.88,259.05
-709.88,258.82
-709.89,258.58
-709.89,258.34
-709.89,258.11
-709.89,257.87
-709.89,257.63
-709.89,257.4
-709.89,257.16
-709.9,256.92
-709.9,256.69
-709.9,256.45
-709.9,256.21
-709.9,255.97
-709.9,255.74
-709.9,255.5
-709.9,255.26
-709.9,255.02
-709.9,254.78
-709.9,254.54
-709.9,254.3
-709.91,254.06
-709.91,253.82
-709.91,253.59
-709.91,253.35
-709.91,253.11
-709.91,252.87
-709.91,252.63
-709.91,252.39
-709.91,252.15
-709.91,251.91
-709.91,251.67
-709.91,251.43
-709.91,251.19
-709.91,250.95
-709.91,250.71
-709.91,250.47
-709.91,250.23
-709.91,249.99
-709.91,249.76
-709.91,249.51
-709.92,249.28
-709.92,249.04
-709.92,248.8
-709.92,248.56
-709.92,248.32
-709.92,248.08
-709.92,247.84
-709.92,247.6
-709.92,247.36
-709.92,247.12
-709.92,246.88
-709.91,246.64
-709.91,246.4
-709.91,246.16
-709.91,245.92
-709.92,245.68
-709.92,245.44
-709.92,245.2
-709.92,244.96
-709.92,244.72
-709.92,244.48
-709.91,244.24
-709.91,244
-709.91,243.76
-709.91,243.52
-709.91,243.29
-709.91,243.05
-709.91,242.81
-709.91,242.57
-709.91,242.33
-709.91,242.09
-709.91,241.85
-709.91,241.62
-709.91,241.38
-709.91,241.14
-709.91,240.9
-709.91,240.66
-709.91,240.43
-709.91,240.19
-709.91,239.95
-709.91,239.71
-709.91,239.47
-709.91,239.24
-709.91,239
-709.91,238.76
-709.91,238.52
-709.91,238.29
-709.91,238.05
-709.91,237.81
-709.91,237.57
-709.91,237.33
-709.91,237.1
-709.91,236.86
-709.91,236.62
-709.91,236.39
-709.91,236.15
-709.91,235.91
-709.91,235.67
-709.91,235.44
-709.91,235.2
-709.91,234.96
-709.91,234.73
-709.91,234.49
-709.91,234.26
-709.91,234.02
-709.91,233.78
-709.91,233.55
-709.91,233.31
-709.91,233.08
-709.9,232.84
-709.9,232.61
-709.9,232.37
-709.9,232.14
-709.9,231.91
-709.9,231.67
-709.9,231.44
-709.9,231.2
-709.9,230.97
-709.9,230.74
-709.9,230.5
-709.89,230.27
-709.89,230.04
-709.89,229.81
-709.89,229.57
-709.89,229.34
-709.89,229.11
-709.89,228.87
-709.89,228.64
-709.89,228.41
-709.89,228.18
-709.89,227.95
-709.89,227.71
-709.88,227.48
-709.88,227.25
-709.88,227.02
-709.88,226.79
-709.88,226.56
-709.88,226.33
-709.88,226.09
-709.88,225.86
-709.88,225.63
-709.88,225.4
-709.88,225.17
-709.88,224.94
-709.88,224.71
-709.88,224.48
-709.88,224.25
-709.88,224.02
-709.87,223.79
-709.87,223.56
-709.87,223.33
-709.87,223.1
-709.87,222.87
-709.87,222.64
-709.87,222.41
-709.87,222.18
-709.87,221.95
-709.87,221.72
-709.87,221.49
-709.87,221.26
-709.87,221.03
-709.87,220.8
-709.87,220.58
-709.87,220.35
-709.87,220.12
-709.87,219.89
-709.87,219.66
-709.87,219.44
-709.87,219.21
-709.87,218.98
-709.87,218.75
-709.87,218.52
-709.87,218.3
-709.87,218.07
-709.87,217.84
-709.87,217.62
-709.87,217.39
-709.87,217.16
-709.87,216.93
-709.87,216.71
-709.87,216.48
-709.87,216.25
-709.87,216.03
-709.87,215.8
-709.87,215.58
-709.87,215.35
-709.87,215.12
-709.87,214.9
-709.87,214.67
-709.87,214.45
-709.87,214.22
-709.88,214
-709.88,213.77
-709.88,213.55
-709.88,213.32
-709.88,213.1
-709.88,212.87
-709.88,212.65
-709.88,212.42
-709.88,212.2
-709.88,211.97
-709.88,211.75
-709.88,211.53
-709.88,211.3
-709.88,211.08
-709.88,210.86
-709.88,210.63
-709.89,210.41
-709.89,210.19
-709.89,209.96
-709.89,209.74
-709.89,209.52
-709.89,209.3
-709.9,209.07
-709.9,208.85
-709.9,208.63
-709.9,208.41
-709.9,208.18
-709.91,207.96
-709.91,207.74
-709.91,207.52
-709.91,207.3
-709.91,207.08
-709.92,206.86
-709.92,206.63
-709.92,206.41
-709.93,206.19
-709.93,205.97
-709.93,205.75
-709.94,205.53
-709.94,205.31
-709.94,205.09
-709.95,204.87
-709.95,204.65
-709.95,204.43
-709.96,204.2
-709.96,203.99
-709.96,203.77
-709.96,203.55
-709.97,203.33
-709.97,203.11
-709.97,202.89
-709.98,202.67
-709.98,202.45
-709.98,202.23
-709.98,202.02
-709.99,201.8
-709.99,201.58
-709.99,201.36
-710,201.14
-710,200.93
-710,200.71
-710.01,200.49
-710.01,200.27
-710.01,200.06
-710.01,199.84
-710.02,199.62
-710.02,199.41
-710.02,199.19
-710.02,198.98
-710.03,198.76
-710.03,198.54
-710.03,198.33
-710.03,198.11
-710.03,197.9
-710.04,197.68
-710.04,197.47
-710.04,197.26
-710.04,197.04
-710.04,196.83
-710.05,196.62
-710.05,196.4
-710.05,196.19
-710.05,195.98
-710.05,195.77
-710.05,195.56
-710.06,195.35
-710.06,195.14
-710.06,194.93
-710.06,194.72
-710.06,194.51
-710.07,194.3
-710.07,194.09
-710.07,193.88
-710.07,193.67
-710.07,193.46
-710.08,193.25
-710.08,193.04
-710.08,192.84
-710.08,192.63
-710.08,192.42
-710.09,192.21
-710.09,192.01
-710.09,191.8
-710.09,191.59
-710.09,191.39
-710.1,191.18
-710.1,190.98
-710.1,190.78
-710.1,190.57
-710.1,190.37
-710.1,190.17
-710.11,189.96
-710.11,189.76
-710.11,189.56
-710.11,189.36
-710.11,189.16
-710.12,188.96
-710.12,188.76
-710.12,188.46
-710.12,188.16
-710.13,187.86
-710.13,187.56
-710.13,187.27
-710.14,186.97
-710.14,186.68
-710.14,186.38
-710.14,186.09
-710.15,185.8
-710.15,185.5
-710.15,185.21
-710.16,184.92
-710.16,184.63
-710.17,184.34
-710.17,184.05
-710.17,183.76
-710.18,183.48
-710.18,183.19
-710.19,182.9
-710.19,182.61
-710.19,182.33
-710.2,182.04
-710.2,181.76
-710.21,181.47
-710.21,181.19
-710.22,180.91
-710.22,180.63
-710.22,180.34
-710.23,180.06
-710.23,179.78
-710.23,179.5
-710.24,179.22
-710.24,178.95
-710.25,178.67
-710.25,178.39
-710.25,178.11
-710.26,177.84
-710.26,177.56
-710.27,177.29
-710.27,177.01
-710.27,176.74
-710.28,176.47
-710.28,176.19
-710.28,175.92
-710.29,175.65
-710.29,175.38
-710.29,175.11
-710.3,174.84
-710.3,174.57
-710.3,174.3
-710.31,174.04
-710.31,173.77
-710.31,173.5
-710.32,173.23
-710.32,172.97
-710.32,172.7
-710.32,172.44
-710.32,172.18
-710.33,171.91
-710.33,171.65
-710.33,171.39
-710.33,171.13
-710.33,170.87
-710.33,170.61
-710.34,170.35
-710.34,170.09
-710.34,169.84
-710.34,169.58
-710.34,169.33
-710.34,169.07
-710.34,168.81
-710.34,168.56
-710.34,168.3
-710.34,168.05
-710.34,167.8
-710.35,167.55
-710.35,167.29
-710.35,167.04
-710.35,166.79
-710.35,166.54
-710.35,166.3
-710.35,166.05
-710.35,165.8
-710.35,165.55
-710.35,165.31
-710.35,165.06
-710.36,164.81
-710.36,164.57
-710.36,164.32
-710.36,164.08
-710.36,163.83
-710.36,163.59
-710.36,163.34
-710.36,163.1
-710.36,162.86
-710.36,162.62
-710.36,162.37
-710.37,162.13
-710.37,161.89
-710.37,161.65
-710.37,161.42
-710.37,161.18
-710.37,160.94
-710.37,160.7
-710.37,160.47
-710.38,160.23
-710.38,160
-710.38,159.76
-710.38,159.53
-710.38,159.3
-710.38,159.07
-710.38,158.84
-710.38,158.61
-710.38,158.38
-710.38,158.15
-710.39,157.92
-710.39,157.7
-710.39,157.47
-710.39,157.24
-710.39,157.02
-710.39,156.79
-710.4,156.57
-710.4,156.35
-710.4,156.13
-710.4,155.91
-710.4,155.69
-710.4,155.47
-710.4,155.25
-710.41,155.03
-710.41,154.82
-710.41,154.6
-710.41,154.39
-710.41,154.17
-710.42,153.96
-710.42,153.75
-710.42,153.53
-710.43,153.32
-710.43,153.11
-710.44,152.9
-710.44,152.69
-710.44,152.48
-710.44,152.28
-710.44,152.07
-710.44,151.87
-710.44,151.66
-710.44,151.46
-710.44,151.26
-710.45,151.06
-710.45,150.85
-710.46,150.65
-710.47,150.45
-710.47,150.25
-710.48,149.99
-710.48,149.79
-710.48,149.59
-710.48,149.39
-710.49,149.12
-710.49,148.85
-710.49,148.59
-710.49,148.33
-710.5,148.06
-710.5,147.8
-710.51,147.54
-710.51,147.28
-710.52,147.03
-710.52,146.77
-710.53,146.52
-710.53,146.27
-710.54,146.02
-710.54,145.78
-710.54,145.53
-710.55,145.29
-710.55,145.05
-710.55,144.81
-710.56,144.58
-710.56,144.35
-710.56,144.12
-710.57,143.89
-710.57,143.67
-710.57,143.44
-710.58,143.22
-710.58,143.01
-710.59,142.79
-710.59,142.58
-710.59,142.38
-710.59,142.17
-710.6,141.97
-710.6,141.73
-710.6,141.49
-710.6,141.25
-710.61,141.02
-710.61,140.79
-710.61,140.57
-710.61,140.35
-710.62,140.14
-710.62,139.94
-710.62,139.74
-710.62,139.5
-710.62,139.28
-710.63,139.06
-710.63,138.84
-710.63,138.63
-710.63,138.43
-710.63,138.2
-710.63,137.99
-710.63,137.78
-710.63,137.58
-710.62,137.35
-710.62,137.14
-710.61,136.93
-710.61,136.71
