-696.68964980,126.98446120
-696.42609896,126.95764867
-696.42530826,127.15788629
-696.42134333,127.35931477
-696.41719056,127.56251747
-696.41254708,127.76338450
-696.40664578,127.97067762
-696.39899909,128.18172818
-696.38777924,128.39096879
-696.37611084,128.59343411
-696.36289023,128.80631873
-696.34982890,129.01143483
-696.33664097,129.22087875
-696.32359659,129.43321005
-696.31183850,129.63611851
-696.29916028,129.84590027
-696.28851030,130.05814331
-696.27895783,130.27183979
-696.26833202,130.47253900
-696.25889024,130.67458146
-696.25079184,130.87918969
-696.24361893,131.08536073
-696.23738626,131.29154069
-696.23078850,131.50015921
-696.22311018,131.71453949
-696.21586234,131.91959981
-696.20820933,132.13131631
-696.20009520,132.34658046
-696.19229557,132.56473361
-696.18602381,132.76602918
-696.18101734,132.96911277
-696.17636543,133.17086773
-696.17148669,133.37850357
-696.16743004,133.58958823
-696.16275818,133.80244306
-696.15785105,134.02206669
-696.15206069,134.24467896
-696.14609395,134.44986245
-696.14034779,134.65882205
-696.13577616,134.87012382
-696.13201819,135.08576235
-696.12804920,135.30561690
-696.12404964,135.52869017
-696.11951403,135.75420037
-696.11545202,135.95684894
-696.11015222,136.16381477
-696.10447362,136.37466203
-696.09733242,136.58649440
-696.09025878,136.80021442
-696.08347960,137.01893227
-696.07617280,137.23919911
-696.06807668,137.46156747
-696.06044808,137.68871330
-696.05331654,137.91752886
-696.04762309,138.12093894
-696.04115509,138.32489666
-696.03473987,138.53229590
-696.02778755,138.74224305
-696.01996571,138.95373596
-696.01314533,139.16779139
-696.00699401,139.38340718
-696.00151174,139.60058334
-695.99590500,139.82186534
-695.99010410,140.04558751
-695.98532154,140.27009636
-695.97956184,140.49848095
-695.97352252,140.72930489
-695.96836619,140.93016706
-695.96327741,141.13291687
-695.95817914,141.33666560
-695.95332781,141.54141568
-695.94863690,141.74727730
-695.94324319,141.95513024
-695.93680479,142.16497128
-695.93026615,142.37636537
-695.92457806,142.58821155
-695.91878446,142.80216573
-695.91254556,143.01800270
-695.90637527,143.23561633
-695.90036327,143.45456347
-695.89485254,143.67473637
-695.88966791,143.89657739
-695.88437671,144.12063740
-695.87906654,144.34669525
-695.87425130,144.57464481
-695.86984447,144.80459626
-695.86542078,145.03632356
-695.86098865,145.26893878
-695.85629165,145.50243949
-695.85167591,145.73638498
-695.84722164,145.97133101
-695.84275683,146.20738694
-695.83870570,146.44488981
-695.83438864,146.68338916
-695.82972336,146.92255121
-695.82619635,147.12287385
-695.82309357,147.32353352
-695.81989898,147.52485832
-695.81737978,147.72707754
-695.81552857,147.93096812
-695.81256722,148.13473715
-695.80984544,148.34028446
-695.80762175,148.54739052
-695.80479867,148.75460188
-695.80306781,148.96382163
-695.80150791,149.17304301
-695.79883997,149.38192086
-695.79726847,149.59236313
-695.79586370,149.80325099
-695.79394608,150.01413397
-695.79278298,150.22657813
-695.79211271,150.44113599
-695.78990703,150.65534626
-695.78844849,150.87189464
-695.78707016,151.08899878
-695.78518319,151.30565409
-695.78446127,151.52565049
-695.78364965,151.74609003
-695.78191254,151.96496678
-695.78134364,152.18685164
-695.78059852,152.40928983
-695.77883717,152.63071936
-695.77781981,152.85481997
-695.77561420,153.07802130
-695.77272584,153.30110513
-695.77006966,153.52674419
-695.76766569,153.75282964
-695.76534509,153.97913789
-695.76368089,154.20833839
-695.76192489,154.43820402
-695.75958004,154.66706505
-695.75789897,154.89804140
-695.75605222,155.12846118
-695.75361768,155.35776536
-695.75090984,155.58884295
-695.74802367,155.82069586
-695.74513644,156.05265976
-695.74232203,156.28595636
-695.74027165,156.51981522
-695.73855790,156.75423228
-695.73692857,156.98876114
-695.73444975,157.22272693
-695.73222103,157.45736110
-695.72904258,157.69298525
-695.72568580,157.92938471
-695.72249364,158.16645175
-695.71844567,158.40362165
-695.71439770,158.64079155
-695.71111690,158.87819074
-695.70817063,159.11637012
-695.70548606,159.35399697
-695.70332174,159.59085177
-695.70064560,159.82759070
-695.69754525,160.06399260
-695.69538409,160.30051442
-695.69212121,160.53602678
-695.68852698,160.77042597
-695.68604183,161.00505771
-695.68227559,161.23956627
-695.67868873,161.47318854
-695.67552609,161.70714783
-695.67143165,161.94021028
-695.66707656,162.17371424
-695.66408488,162.40767516
-695.66075340,162.64141085
-695.65708528,162.87458834
-695.65428037,163.10688603
-695.65011837,163.33806081
-695.64562184,163.56845542
-695.64231988,163.79908337
-695.63817370,164.02859330
-695.63420163,164.25777188
-695.63150222,164.48796156
-695.62914788,164.71782151
-695.62722303,164.94746354
-695.62445291,165.17609853
-695.62091877,165.40417127
-695.61720734,165.63290832
-695.61375552,165.86131484
-695.61005253,166.08916397
-695.60644029,166.31645896
-695.60324700,166.54464593
-695.60047582,166.77339192
-695.59865120,167.00148089
-695.59632427,167.22845509
-695.59450599,167.45587812
-695.59268453,167.68363412
-695.59036077,167.91027535
-695.58837258,168.13758576
-695.58656062,168.36434285
-695.58432971,168.59020795
-695.58148886,168.81728827
-695.57804758,169.04458488
-695.57497139,169.26944295
-695.57205772,169.49519056
-695.56872510,169.72004619
-695.56514554,169.94390048
-695.56208306,170.16731566
-695.55945851,170.38962501
-695.55692048,170.61182417
-695.55515069,170.83414164
-695.55397079,171.05735271
-695.55167549,171.28099718
-695.54884730,171.50674561
-695.54523927,171.73359664
-695.54190244,171.95889624
-695.53897928,172.18564277
-695.53630307,172.41339065
-695.53389487,172.63992008
-695.53207447,172.86756509
-695.53025724,173.09487713
-695.52793136,173.32174034
-695.52558651,173.55060138
-695.52254730,173.78056583
-695.51925904,174.00975091
-695.51569854,174.24059841
-695.51248522,174.47089421
-695.50970876,174.70019515
-695.50709904,174.92994168
-695.50466028,175.15968983
-695.50213287,175.38977014
-695.49985874,175.62018586
-695.49714246,175.85215139
-695.49416869,176.08422547
-695.49152840,176.31719073
-695.48914243,176.55038041
-695.48710574,176.78279639
-695.48523684,177.01554698
-695.48345342,177.24829837
-695.48115714,177.48104490
-695.47911308,177.71423782
-695.47706585,177.94776371
-695.47440974,178.18239383
-695.47277619,178.41736666
-695.47190876,178.65267977
-695.47121017,178.88821649
-695.47093580,179.12409023
-695.47014752,179.36007010
-695.46875353,179.59682122
-695.46744185,179.83390612
-695.46603625,180.07187814
-695.46394685,180.30984366
-695.46262041,180.54848242
-695.46121060,180.78689840
-695.46005511,181.02553880
-695.45932490,181.26440523
-695.45850815,181.50338185
-695.45759539,181.74346756
-695.45676072,181.98433101
-695.45575193,182.22552582
-695.45465661,182.46683080
-695.45380402,182.70958109
-695.45268973,182.95288391
-695.45166618,183.19563258
-695.44985648,183.44014980
-695.44761413,183.68521790
-695.44546357,183.92962088
-695.44149272,184.17667058
-695.43786060,184.42405650
-695.43569213,184.67034632
-695.43316488,184.91840874
-695.43029889,185.16613495
-695.42812304,185.41320170
-695.42534147,185.66103970
-695.42273507,185.90843537
-695.41995771,186.15582941
-695.41658098,186.40332876
-695.41355141,186.65027640
-695.41068542,186.89800260
-695.40823838,187.14662079
-695.40561089,187.39623627
-695.40323878,187.64596517
-695.39979198,187.84684359
-695.39737932,188.04684382
-695.39479361,188.24706441
-695.39177418,188.44794689
-695.38875265,188.64905134
-695.38555806,188.85037616
-695.38218830,189.05214331
-695.37899160,189.25369011
-695.37570837,189.45534708
-695.37233439,189.65755820
-695.36913242,189.85965995
-695.36592623,190.06220566
-695.36262613,190.26563848
-695.35949698,190.46907293
-695.35671290,190.67217765
-695.35401430,190.87528319
-695.35139695,191.07883350
-695.34869413,191.28238300
-695.34556393,191.48592844
-695.34200319,191.68980279
-695.33843822,191.89412110
-695.33479095,192.09810563
-695.33148031,192.30264837
-695.32868041,192.50741795
-695.32673739,192.71197367
-695.32495583,192.91752993
-695.32334311,193.12330980
-695.32164808,193.32875588
-695.31952040,193.53475286
-695.31720806,193.74219109
-695.31496960,193.95085103
-695.31299073,194.15918044
-695.31084302,194.36728623
-695.30886415,194.57561564
-695.30671749,194.78361045
-695.30465525,194.99171706
-695.30250332,195.20026682
-695.30026697,195.40870478
-695.29760007,195.61747165
-695.29491104,195.82856933
-695.29180306,196.03877502
-695.28894939,196.24920512
-695.28694100,196.46064227
-695.28597098,196.67075726
-695.28534181,196.88098650
-695.28495957,197.09221709
-695.28424070,197.30288947
-695.28309445,197.51355780
-695.28099531,197.72554908
-695.27830944,197.93631379
-695.27554758,198.14607876
-695.27269392,198.35650887
-695.26993205,198.56627385
-695.26717336,198.77570585
-695.26508581,198.98647624
-695.26300776,199.19624771
-695.26118403,199.40624360
-695.26011904,199.61735670
-695.25897806,199.82747008
-695.25757749,200.03791399
-695.25599753,200.24924420
-695.25485760,200.45924659
-695.25363642,200.66880420
-695.25275925,200.87814307
-695.25162565,201.08747951
-695.25015015,201.29681271
-695.24823988,201.50691877
-695.24573128,201.71701916
-695.24305174,201.92711792
-695.24113304,202.13811191
-695.23921961,202.34855095
-695.23756156,202.55910342
-695.23692394,202.77022058
-695.23663350,202.98078604
-695.23660898,203.19035502
-695.23693586,203.39892833
-695.23725746,203.60805659
-695.23723399,203.81751458
-695.23652882,204.02674409
-695.23471563,204.23563008
-695.23264706,204.44440263
-695.22964986,204.65194536
-695.22690064,204.86037845
-695.22423691,205.06881236
-695.22149402,205.27657950
-695.21976736,205.48535531
-695.21881947,205.69313951
-695.21805413,205.89970443
-695.21719171,206.10748944
-695.21641266,206.31549724
-695.21547532,206.52217154
-695.21418658,206.72984149
-695.21264246,206.93739803
-695.21110678,207.14406663
-695.20956793,207.35106821
-695.20794467,207.55795799
-695.20649974,207.76407246
-695.20505164,207.97051990
-695.20394861,208.17663761
-695.20114344,208.38196216
-695.19885323,208.58706959
-695.19656619,208.79184405
-695.19394146,208.99617130
-695.19199316,209.20128198
-695.18979160,209.40605725
-695.18716792,209.61027351
-695.18582322,209.81483493
-695.18473706,210.01917679
-695.18297447,210.22273523
-695.18163820,210.42640871
-695.18021646,210.63008139
-695.17785449,210.83374513
-695.17600537,211.03741375
-695.17398951,211.24063677
-695.17129195,211.44363132
-695.16936579,211.64641120
-695.16752616,211.84908090
-695.16603159,212.05142088
-695.16505515,212.25321077
-695.16407977,212.45488967
-695.16250605,212.65656289
-695.16110329,212.85823774
-695.15952957,213.05991096
-695.15778912,213.26113859
-695.15682217,213.46192957
-695.15611270,213.66261199
-695.15497901,213.86295739
-695.15393186,214.06319260
-695.15181300,214.31325692
-695.14995268,214.56310170
-695.14809552,214.81261350
-695.14649584,215.06201676
-695.14567177,215.31076137
-695.14485087,215.55917301
-695.14342741,215.80802293
-695.14260756,216.05632358
-695.14230478,216.30418515
-695.14260982,216.55105347
-695.14240411,216.79769495
-695.14194725,217.04377904
-695.14158008,217.28941998
-695.14138491,217.53495155
-695.14067795,217.78036725
-695.13945496,218.02611106
-695.13892316,218.27108443
-695.13814021,218.51550041
-695.13778780,218.75958748
-695.13735096,219.00356275
-695.13700171,219.24731684
-695.13571539,219.49072904
-695.13486172,219.73359034
-695.13392362,219.97633983
-695.13281563,220.21897672
-695.13188492,220.46094928
-695.13052683,220.70291779
-695.12815989,220.94310070
-695.12622139,221.18317668
-695.12386711,221.42202770
-695.12177241,221.66054819
-695.12027289,221.89940734
-695.11818135,222.13759485
-695.11609193,222.37556039
-695.11443094,222.61341899
-695.11011915,222.85136341
-695.10623368,223.08942289
-695.10405351,223.32794257
-695.10214558,223.56479982
-695.10015534,223.80132329
-695.09782952,224.03717757
-695.09372347,224.27146093
-695.08936415,224.50540888
-695.08482650,224.74013214
-695.08071201,224.97530342
-695.07736049,225.21114796
-695.07495552,225.44633548
-695.07408911,225.68153762
-695.07581017,225.91432232
-695.07701522,226.14743512
-695.07796805,226.38010152
-695.07448247,226.61205976
-695.06970948,226.84456078
-695.06375564,227.07538557
-695.05962315,227.30345264
-695.05530284,227.53329394
-695.05185943,227.76081255
-695.04978469,227.98823317
-695.04812678,228.21676775
-695.04750829,228.44386919
-695.04663548,228.67074622
-695.04438662,228.89849819
-695.04274979,229.12481296
-695.04111297,229.35112773
-695.03853170,229.57787753
-695.03681467,229.80363653
-695.03458584,230.02927967
-695.03123950,230.25557820
-695.03073179,230.48001669
-695.03014176,230.70412139
-695.02775147,230.92876399
-695.02656943,231.15219706
-695.02530192,231.37562932
-695.02266153,231.59960354
-695.02165361,231.82270527
-695.02065307,232.04503006
-695.01862155,232.26790006
-695.01788376,232.48956134
-695.01920793,232.71013221
-695.01779372,232.93101006
-695.01767429,233.15056820
-695.01721191,233.37023409
-695.01494399,233.59099283
-695.01621115,233.80856614
-695.01800487,234.02470144
-695.01841833,234.24215563
-695.02133799,234.45674761
-695.02502378,234.67167987
-695.02663811,234.88870147
-695.03083991,235.10330564
-695.03461854,235.31746178
-695.03547836,235.53292220
-695.03858057,235.74629491
-695.04151183,235.95966600
-695.04237796,236.17446048
-695.04453572,236.38826822
-695.04653518,236.60074245
-695.04749312,236.81487180
-695.04974900,237.02734846
-695.05337566,237.23950515
-695.05468499,237.45263883
-695.05805838,237.66446011
-695.06126504,237.87583580
-695.06275903,238.08752823
-695.06589075,238.29779320
-695.06851173,238.50783132
-695.06907602,238.71840491
-695.07093300,238.92788077
-695.07329333,239.13836042
-695.07446228,239.34827375
-695.07708958,239.55764593
-695.07972111,239.76657414
-695.08090587,239.97482261
-695.08295487,240.18208028
-695.08474850,240.38922453
-695.08542779,240.59669119
-695.08688584,240.80316625
-695.08730976,241.01051948
-695.08679555,241.21764181
-695.08645018,241.42498774
-695.08697538,241.63067693
-695.08751113,241.83525621
-695.08908207,242.03884632
-695.09151409,242.24177861
-695.09256691,242.44591880
-695.09413469,242.64984188
-695.09544604,242.85376253
-695.09590790,243.05712010
-695.09636660,243.26081065
-695.09603599,243.46660271
-695.09572858,243.66995298
-695.09653867,243.87264786
-695.09726329,244.07534193
-695.09790981,244.27725825
-695.09897844,244.47973358
-695.10064118,244.68265856
-695.10136474,244.88546362
-695.10344115,245.08983553
-695.10586579,245.29354476
-695.10727315,245.49635631
-695.11021908,245.69918248
-695.11292544,245.90023036
-695.11459345,246.10260039
-695.11763434,246.30442845
-695.12084197,246.50670210
-695.12292575,246.71029709
-695.12621042,246.91345948
-695.12949402,247.11673286
-695.13157043,247.32110477
-695.13373653,247.52503354
-695.13528849,247.73062148
-695.13606273,247.93709004
-695.13759466,248.14478681
-695.13954974,248.35293160
-695.14142462,248.56052062
-695.14209546,248.76887522
-695.14406214,248.97579911
-695.14559617,249.18327389
-695.14721779,249.39052751
-695.14676796,249.59987046
-695.14700721,249.80866495
-695.14689506,250.01845512
-695.14523487,250.22922958
-695.14460355,250.43968081
-695.14225112,250.65133671
-695.13989658,250.86321458
-695.13900250,251.07432933
-695.13612983,251.28675728
-695.13299653,251.49962676
-695.13106409,251.71206365
-695.12783582,251.92593124
-695.12304896,252.14189303
-695.12118829,252.35577361
-695.12138326,252.56922971
-695.12140516,252.78290617
-695.12125822,252.99635903
-695.11862301,253.21078725
-695.11401658,253.42575175
-695.11112705,253.63995556
-695.10651536,253.85547502
-695.10299586,254.07300286
-695.10144758,254.28999443
-695.09953631,254.50920255
-695.09754167,254.72818789
-695.09591002,254.94495666
-695.09606281,255.16285239
-695.09578401,255.38118802
-695.09422940,255.59884553
-695.09359815,255.81828782
-695.09107695,256.03871116
-695.08908337,256.25758551
-695.08825270,256.48002292
-695.08768162,256.70212980
-695.08738384,256.92246326
-695.08663338,257.14545644
-695.08520122,257.36822114
-695.08292907,257.58942386
-695.07691400,257.81769506
-695.07147828,258.04796978
-695.06745972,258.27304092
-695.06281648,258.50088116
-695.05853305,258.72683779
-695.05538295,258.95047418
-695.05178334,259.17643731
-695.04809508,259.40273261
-695.04519192,259.62737035
-695.04115122,259.85477230
-695.03504434,260.08370864
-695.03022804,260.31176922
-695.02401355,260.54303555
-695.01822328,260.77463891
-695.01433139,261.00437329
-695.00878806,261.23697800
-695.00332704,261.46991649
-694.99898985,261.70153365
-694.99241237,261.93501654
-694.98592038,262.16850025
-694.98105768,262.40144443
-694.97470290,262.63848145
-694.96977062,262.87875101
-694.96598116,263.11570141
-694.96112909,263.35652674
-694.95706843,263.59502856
-694.95310169,263.83264328
-694.94903260,264.07203303
-694.94504371,264.31197855
-694.94140411,264.55115038
-694.93766006,264.79231924
-694.93415451,265.03537737
-694.93108582,265.27744064
-694.92791162,265.52161192
-694.92456121,265.76633654
-694.92062090,266.01016754
-694.91504180,266.25553699
-694.90954607,266.50112923
-694.90507920,266.74639824
-694.90085400,266.99322355
-694.89635445,267.24193328
-694.89194565,267.49008885
-694.88422400,267.69103769
-694.87847778,267.89100628
-694.87273050,268.09108587
-694.86525791,268.29281407
-694.85950114,268.49389257
-694.85382669,268.69530485
-694.84703473,268.89737253
-694.84221503,269.09879293
-694.83747660,269.30065811
-694.83153412,269.50328885
-694.82670071,269.70615213
-694.82202983,269.90990496
-694.81572437,270.11475227
-694.81087515,270.31928042
-694.80585182,270.52413990
-694.79987244,270.73065532
-694.79518047,270.93662797
-694.79048217,271.14326655
-694.78551901,271.35079063
-694.78167019,271.55799229
-694.77772957,271.76585908
-694.77317903,271.97494109
-694.76974178,272.18381166
-694.76664010,272.39335143
-694.76282509,272.60599245
-694.75875577,272.81840905
-694.75494077,273.03105006
-694.75171039,273.24513964
-694.74918068,273.45745985
-694.74681771,273.67022566
-694.74504251,273.88410706
-694.74275763,274.09765061
-694.74038200,274.31174831
-694.73808236,274.52684573
-694.73535429,274.74205008
-694.73253863,274.95747561
-694.73022739,275.17379393
-694.72740330,275.39010737
-694.72457815,275.60653181
-694.72225637,275.82396004
-694.71993037,276.04183223
-694.71794522,276.25981866
-694.71670931,276.47992121
-694.71555677,276.70024657
-694.71440106,276.92090489
-694.71373607,277.14389888
-694.71273656,277.36611270
-694.71207894,277.58832976
-694.71260322,277.81211206
-694.71245319,278.03488895
-694.71229683,278.25833178
-694.71272193,278.48355615
-694.71298134,278.70822394
-694.71332202,278.93333650
-694.71716612,279.15859334
-694.71964579,279.38350422
-694.72246630,279.60852934
-694.72819718,279.83313810
-694.73160653,280.05916782
-694.73501377,280.28541952
-694.74081220,280.51191593
-694.74420679,280.73949952
-694.74604911,280.96851137
-694.74848344,281.19819485
-694.75092198,281.42743437
-694.75491278,281.65524562
-694.76070700,281.88218600
-694.76477378,282.11099698
-694.76883635,282.34025192
-694.77521519,282.56864086
-694.78073189,282.79779861
-694.78675827,283.02729421
-694.79534892,283.25681417
-694.80325154,283.48677159
-694.81158154,283.71673308
-694.82189011,283.94538135
-694.83064432,284.17567986
-694.83939853,284.40597838
-694.84944224,284.63551214
-694.85776169,284.86658353
-694.86616135,285.09821068
-694.87619346,285.32896534
-694.88415625,285.56158735
-694.89254431,285.79443540
-694.90272312,286.02774447
-694.91366910,286.26128283
-694.92547299,286.49449633
-694.93805565,286.72671822
-694.95002944,286.96004434
-694.96208554,287.19370424
-694.97714697,287.42594968
-694.99091152,287.65973681
-695.00476470,287.89319178
-695.02034003,288.12533110
-695.03530334,288.35890762
-695.05026664,288.59248413
-695.06626407,288.82518247
-695.08199665,289.05876629
-695.10039054,289.29115439
-695.12300013,289.52069651
-695.14258540,289.75365093
-695.16277111,289.98638905
-695.18708071,290.21694633
-695.20819609,290.45080329
-695.22922390,290.68488142
-695.25258693,290.91609571
-695.27275576,291.15060968
-695.29266290,291.38567617
-695.31481136,291.61876594
-695.33497070,291.85427882
-695.35650712,292.08880579
-695.38097289,292.32091856
-695.40318363,292.55645094
-695.42539436,292.79198331
-695.44984431,293.02576094
-695.47161923,293.26217718
-695.49347857,293.49870523
-695.51714975,293.73347447
-695.53883708,293.97011188
-695.56078400,294.20641875
-695.58420507,294.44051962
-695.60597366,294.67760180
-695.62756707,294.91512633
-695.65105254,295.15144782
-695.67434912,295.38965452
-695.69756234,295.62763844
-695.72241540,295.86397292
-695.74751223,296.10164172
-695.77278000,296.33931215
-695.79917055,296.57577224
-695.82417873,296.81377320
-695.84850312,297.05176767
-695.87190203,297.28819934
-695.89503398,297.52573848
-695.91911142,297.76273160
-695.94463877,298.00007149
-695.97127835,298.23731096
-695.99817752,298.47421988
-696.02542280,298.71068808
-696.05189037,298.94803691
-696.07776066,299.18526906
-696.10363728,299.42183527
-696.12924904,299.65928697
-696.15468880,299.89684804
-696.18134101,300.13275561
-696.20747089,300.36965722
-696.23368624,300.60655965
-696.26025192,300.84257741
-696.28655379,301.07936966
-696.31216765,301.31659937
-696.33658169,301.55415070
-696.36081845,301.79236634
-696.38548364,302.03047505
-696.41092759,302.26759216
-696.43766948,302.50305658
-696.46441032,302.73863199
-696.49116274,302.97298651
-696.51815789,303.20878635
-696.54455893,303.44413653
-696.56992688,303.68025391
-696.59383649,303.91691244
-696.61715304,304.15301033
-696.64038729,304.38877444
-696.66353288,304.62487070
-696.68736017,304.86119545
-696.71196201,305.09697255
-696.73835249,305.33343264
-696.76490232,305.57111526
-696.79112395,305.80735175
-696.81733926,306.04425418
-696.84295834,306.28092895
-696.86764775,306.51648488
-696.89199420,306.75214855
-696.91660445,306.98703773
-696.94071134,307.22092312
-696.96497970,307.45580905
-696.98941689,307.69091858
-697.01420125,307.92547641
-697.03923254,308.16103559
-697.06460468,308.39670901
-697.09031766,308.63249667
-697.11568768,308.86839207
-697.14131097,309.10462288
-697.16701973,309.34085450
-697.19238763,309.57697188
-697.21809955,309.81287053
-697.24475907,310.04800117
-697.27072846,310.28379127
-697.29678544,310.51936020
-697.32344073,310.75493481
-697.34958001,310.99083751
-697.37571824,311.22685122
-697.40219836,311.46286816
-697.42824373,311.69965799
-697.45420573,311.93622502
-697.48144141,312.17369215
-697.50842067,312.41115685
-697.53497572,312.64828452
-697.56144634,312.88530039
-697.58757190,313.12264598
-697.61343787,313.36032210
-697.63913605,313.59766364
-697.66482684,313.83578210
-697.69068859,314.07390219
-697.71646486,314.31202147
-697.74257775,314.55069895
-697.76877401,314.78959922
-697.79470752,315.02916300
-697.82089429,315.26906219
-697.84708000,315.50907237
-697.87335329,315.74886138
-697.89962447,315.98887237
-697.92606766,316.22877400
-697.95268706,316.46812229
-697.97946792,316.70847113
-698.00632055,316.95026366
-698.03317317,317.19205618
-698.05976937,317.43384627
-698.08644788,317.67597015
-698.11398325,317.91788016
-698.14117038,318.16045287
-698.16853057,318.40280523
-698.19657140,318.64549705
-698.22401074,318.88851616
-698.25136460,319.13153446
-698.27905719,319.37488897
-698.30589293,319.61845735
-698.33281097,319.86235951
-698.36007091,320.10626493
-698.38732875,320.35039232
-698.41449794,320.59485187
-698.44089575,320.83952610
-698.46703291,321.08464186
-698.49316902,321.32986860
-698.51835437,321.57619632
-698.54422350,321.82253054
-698.57043454,322.06886800
-698.59629945,322.31564618
-698.62276164,322.56254103
-698.64922276,322.80954688
-698.67525124,323.05710361
-698.70093677,323.30476809
-698.72653681,323.55243176
-698.75145095,323.80031092
-698.77653393,324.04841368
-698.80161901,324.29629446
-698.82627145,324.54472613
-698.85109378,324.79327042
-698.87574516,325.04181308
-698.90014328,325.29002034
-698.92427970,325.53878011
-698.94833064,325.78753908
-698.97178115,326.03651433
-698.99496891,326.28615310
-699.01798466,326.53590124
-699.04022481,326.78630801
-699.06220537,327.03704531
-699.08384193,327.28800135
-699.10479363,327.53906189
-699.12523142,327.79022854
-699.14523868,328.04172411
-699.16430361,328.29343273
-699.18345295,328.54525315
-699.20225724,328.79740329
-699.21977307,329.05020720
-699.23685837,329.30334002
-699.25351313,329.55680175
-699.26914219,329.81025374
-699.28494220,330.06370735
-699.30065463,330.31738213
-699.31560305,330.57049465
-699.33054515,330.82427312
-699.34497334,331.07815770
-699.35811731,331.33225209
-699.37073999,331.58722953
-699.38276224,331.84242326
-699.39358679,332.09771662
-699.40491891,332.35356981
-699.41633651,332.60942381
-699.42699010,332.86471554
-699.43797822,333.12078746
-699.44854001,333.37674433
-699.45824178,333.63324803
-699.46785492,333.89008389
-699.47721058,334.14702831
-699.48689548,334.40530786
-699.49641260,334.66325282
-699.50601202,334.92153156
-699.51569586,335.17992210
-699.52495444,335.43808660
-699.53369069,335.69724515
-699.54173470,335.95728513
-699.54935133,336.21732104
-699.55696480,336.47768993
-699.56328983,336.73871258
-699.56996624,336.99873957
-699.57638834,337.25854213
-699.58229654,337.51845082
-699.58804116,337.77758095
-699.59344600,338.03648585
-699.59833588,338.29560786
-699.60306008,338.55417329
-699.60727354,338.81251186
-699.61037478,339.07095088
-699.61356360,339.32916872
-699.61640947,339.58749431
-699.61822543,339.84625411
-699.61953486,340.10434310
-699.62067124,340.36265245
-699.62162929,340.62173711
-699.62318671,340.88071646
-699.62423234,341.13957995
-699.62381858,341.39909558
-699.62341219,341.65783427
-699.62292455,341.91612819
-699.62122234,342.17629759
-699.62038437,342.43547618
-699.61946725,342.69398802
-699.61735348,342.95248850
-699.61584436,343.21032871
-699.61356281,343.46849459
-699.60896712,343.72730449
-699.60505629,343.98600989
-699.60098293,344.24382575
-699.59629755,344.50307880
-699.59307789,344.76101376
-699.59036369,345.01973053
-699.58773392,345.27855911
-699.58511363,345.53638877
-699.58198577,345.79365860
-699.57807809,346.05203104
-699.57442684,346.31040591
-699.57051495,346.56922230
-699.56616936,346.82870058
-699.56225851,347.08740599
-699.55861148,347.34533689
-699.55445265,347.60315194
-699.54961003,347.86096048
-699.54459751,348.11865642
-699.53924204,348.37646010
-699.53440364,348.63382468
-699.52973618,348.89119089
-699.52506662,349.14877908
-699.52065453,349.40625872
-699.51658434,349.66374160
-699.51251837,349.92078053
-699.50904650,350.17826910
-699.50574242,350.43609226
-699.50295118,350.69392030
-699.50024436,350.95186014
-699.49753860,351.20968899
-699.49508926,351.46752027
-699.49194769,351.72623299
-699.48854759,351.98516525
-699.48582179,352.24510292
-699.48241431,352.50481211
-699.47892030,352.76463149
-699.47644882,353.02479358
-699.47355207,353.28472963
-699.47056353,353.54533081
-699.46722676,353.80659469
-699.46312072,354.06785125
-699.45927532,354.32866630
-699.45603035,354.58926504
-699.45243399,354.85085946
-699.44883658,355.11256486
-699.44575201,355.37427513
-699.44257565,355.63665054
-699.43939401,355.89958090
-699.43646985,356.16240271
-699.43216861,356.42621044
-699.42761095,356.69001574
-699.42340151,356.95315834
-699.41875521,357.21729579
-699.41419333,357.48154505
-699.40972325,357.74512918
-699.40464220,358.01003950
-699.39947567,358.27494902
-699.39457295,358.53908404
-699.38922493,358.80510184
-699.38378406,359.07189577
-699.38008909,359.27188387
-699.37673391,359.47209721
-699.37355074,359.67220118
-699.36922419,359.93867269
-699.36421491,360.20502671
-699.36034689,360.40523517
-699.35465170,360.67180468
-699.34905042,360.93748707
-699.34535334,361.13769716
-699.34199500,361.33824347
-699.33871686,361.53934554
-699.33569199,361.74078303
-699.33240752,361.94255104
-699.32877694,362.14475977
-699.32471583,362.34729742
-699.32056924,362.54983425
-699.31607864,362.75258982
-699.31167247,362.95545718
-699.30752061,363.15854897
-699.30362412,363.36175418
-699.30006952,363.56496264
-699.29703094,363.76784300
-699.29424772,363.97083679
-699.29129250,364.17393995
-699.28816633,364.37704147
-699.28520900,364.58036661
-699.28242156,364.78380436
-699.27963624,364.98702013
-699.27718859,365.19068311
-699.27490978,365.39456969
-699.27356803,365.59879818
-699.27256606,365.80325190
-699.27147968,366.00759382
-699.26988361,366.21159789
-699.26819996,366.41582313
-699.26617019,366.62048908
-699.26388295,366.82526359
-699.26117044,367.02981206
-699.25948468,367.23425929
-699.25788123,367.43904029
-699.25662074,367.64371356
-699.25561455,367.84861124
-699.25495026,368.05351217
-699.25437039,368.25852490
-699.25378736,368.46387060
-699.25303233,368.66932567
-699.25227413,368.87511372
-699.25143046,369.08090095
-699.25058362,369.28702115
-699.24990773,369.49314298
-699.24965289,369.69993481
-699.24939805,369.90672664
-699.24914215,370.11362946
-699.24956794,370.32076076
-699.24964972,370.52811079
-699.24973255,370.73534983
-699.24947033,370.94291860
-699.24869526,371.15048249
-699.24800250,371.35838017
-699.24739521,371.56627866
-699.24687235,371.77428895
-699.24652043,371.98230087
-699.24616535,372.19064576
-699.24572374,372.39910083
-699.24544886,372.60800148
-699.24500303,372.81690051
-699.24446646,373.02635368
-699.24384336,373.23591704
-699.24304720,373.44570074
-699.24216662,373.65537265
-699.24136835,373.86537834
-699.24074314,374.07516367
-699.23986045,374.28505755
-699.23905796,374.49550721
-699.23816579,374.70640001
-699.23769571,374.91785183
-699.23739341,375.12963824
-699.23751743,375.34153970
-699.23772693,375.55344198
-699.23751433,375.76478524
-699.23713077,375.97612687
-699.23623754,376.18713067
-699.23491377,376.39846338
-699.23375779,376.61013068
-699.23251633,376.82179717
-699.23109971,377.03390600
-699.22985298,377.24612744
-699.22937341,377.45857817
-699.22966416,377.67092522
-699.23072101,377.88361255
-699.23160586,378.09640925
-699.23163386,378.30941981
-699.23071638,378.52297639
-699.22911299,378.73674845
-699.22699570,378.95062664
-699.22496389,379.16450563
-699.22276007,379.37849400
-699.22115036,379.59293201
-699.21945412,379.80748019
-699.21801219,380.02225280
-699.21725510,380.23692091
-699.21641149,380.45169920
-699.21548135,380.66658767
-699.21463458,380.88169893
-699.21335938,381.09691712
-699.21157133,381.31213044
-699.20978118,381.52756575
-699.20807123,381.74355681
-699.20653117,381.95966050
-699.20507553,382.17587598
-699.20413484,382.39187435
-699.20310974,382.60776093
-699.20191052,382.82397885
-699.20062372,383.04041794
-699.19925039,383.25696721
-699.19761853,383.47373602
-699.19598562,383.69061583
-699.19426512,383.90771680
-699.19279999,384.12493121
-699.19133381,384.34225660
-699.18978110,384.55969217
-699.18763007,384.77712206
-699.18547693,384.99477392
-699.18341137,385.21220462
-699.18142813,385.42996911
-699.17944594,385.64762260
-699.17754711,385.86549888
-699.17581712,386.08359878
-699.17408608,386.30180966
-699.17252388,386.52024415
-699.17087620,386.73867782
-699.16922536,386.95744447
-699.16748905,387.17621030
-699.16531693,387.39586001
-699.16323028,387.61551052
-699.16122806,387.83527283
-699.15939678,388.05503677
-699.15696402,388.27512800
-699.15418620,388.49554895
-699.15140944,388.71585892
-699.14880046,388.93650347
-699.14619254,389.15703704
-699.14366797,389.37779340
-699.14053983,389.59909903
-699.13774935,389.82085187
-699.13504330,390.04271651
-699.13259367,390.26458359
-699.13031499,390.48645230
-699.12803420,390.70854298
-699.12558141,390.93074303
-699.12348105,391.15183643
-699.12137859,391.37315180
-699.11918854,391.59468834
-699.11690565,391.81700101
-699.11470611,392.03953647
-699.11250763,392.26196094
-699.11056346,392.48460983
-699.10845151,392.70692412
-699.10625092,392.92957057
-699.10414108,393.15166288
-699.10211460,393.37397798
-699.10000053,393.59651425
-699.09762689,393.81938106
-699.09516566,394.04246904
-699.09295980,394.26567044
-699.09092488,394.48887347
-699.08897544,394.71207731
-699.08711042,394.93539296
-699.08533087,395.15870941
-699.08346374,395.38224703
-699.08185409,395.60567610
-699.08024338,395.82921617
-699.07880362,396.05275785
-699.07744722,396.27652233
-699.07609082,396.50028681
-699.07438937,396.72438101
-699.07242938,396.94869476
-699.07020770,397.17356102
-699.06764307,397.39853503
-699.06447907,397.62361435
-699.06157044,397.84880709
-699.05917254,398.07422668
-699.05719674,398.30020529
-699.05590156,398.52652337
-699.05486070,398.75306586
-699.05416173,398.97961160
-699.05319896,399.20693184
-699.05214861,399.43447325
-699.05135574,399.66190611
-699.05047738,399.88933815
-699.04918010,400.11587821
-699.04805271,400.34253088
-699.04700868,400.56940635
-699.04664318,400.79684327
-699.04644862,401.02428180
-699.04633847,401.25183215
-699.04622517,401.47971546
-699.04654134,401.70738085
-699.04685857,401.93493526
-699.04725494,402.16315642
-699.04790774,402.39138001
-699.04847295,402.61982477
-699.04894953,402.84860170
-699.04942505,403.07748961
-699.04998499,403.30648933
-699.05046262,403.53515527
-699.05059730,403.76392894
-699.05073198,403.99270262
-699.05078118,404.22147548
-699.05099923,404.45047195
-699.05113285,404.67935662
-699.05151973,404.90857670
-699.05190767,405.13768578
-699.05212149,405.36712621
-699.05225090,405.59645484
-699.05229167,405.82611564
-699.05207390,406.05599597
-699.05202920,406.28565595
-699.05215544,406.51531755
-699.05159473,406.74530563
-699.05103507,406.97518272
-699.05081414,407.20539603
-699.05093089,407.43605655
-699.05147607,407.66661014
-699.05159282,407.89727066
-699.05137083,408.12759495
-699.05080907,408.35769403
-699.04973446,408.58778822
-699.04840237,408.81799097
-699.04689617,409.04852508
-699.04505441,409.27838999
-699.04329390,409.50869967
-699.04187317,409.73923458
-699.04131140,409.96933365
-699.04143448,410.19932823
-699.04198281,410.42954885
-699.04227262,410.65998901
-699.04281462,410.89087557
-699.04232462,411.12241833
-699.04140514,411.35417902
-699.04022818,411.58604826
-699.03879375,411.81802605
-699.03735932,412.05000384
-699.03643983,412.28176452
-699.03560582,412.51352602
-699.03502718,412.74540094
-699.03453296,412.97738767
-699.03403979,413.20926340
-699.03371441,413.44147373
-699.03321702,413.67379343
-699.03263205,413.90633430
-699.03196055,414.13898534
-699.03128905,414.37163639
-699.03010471,414.60428256
-699.02917469,414.83715315
-699.02798402,415.07046527
-699.02670472,415.30410955
-699.02533888,415.53786400
-699.02396989,415.77195143
-699.02251542,416.00603805
-699.02037610,416.24022916
-699.01815132,416.47441946
-699.01635074,416.70894679
-699.01480657,416.94347656
-699.01326136,417.17811732
-699.01188603,417.41287069
-699.01084417,417.64851524
-699.00971578,417.88426996
-699.00841644,418.12002307
-699.00694404,418.35599652
-699.00555712,418.59197080
-699.00417020,418.82794507
-699.00286770,419.06403114
-699.00215718,419.30078884
-699.00136014,419.53765672
-699.00039320,419.77441199
-698.99950858,420.01150104
-698.99836332,420.24903162
-698.99730247,420.48667400
-698.99632710,420.72431719
-698.99535067,420.96207137
-698.99428877,421.19982474
-698.99322476,421.43780009
-698.99207528,421.67577463
-698.99075274,421.91396953
-698.98942915,422.15227542
-698.98862156,422.39025321
-698.98789944,422.62823181
-698.98683332,422.86642914
-698.98602257,423.10473990
-698.98563813,423.34316571
-698.98525369,423.58159152
-698.98495156,423.82035112
-698.98507575,424.05922577
-698.98494246,424.29820897
-698.98481022,424.53708118
-698.98476240,424.77606519
-698.98427878,425.01593307
-698.98370758,425.25602212
-698.98330837,425.49600180
-698.98283002,425.73531472
-698.98226409,425.97484882
-698.98161163,426.21449309
-698.98095706,426.45435935
-698.98047554,426.69400525
-698.97964686,426.93420285
-698.97881818,427.17440045
-698.97790297,427.41470823
-698.97690123,427.65512619
-698.97598392,427.89565596
-698.97489565,428.13618410
-698.97363538,428.37682160
-698.97237512,428.61745911
-698.97051337,428.85842391
-698.96899668,429.09905898
-698.96747788,429.33991603
-698.96595909,429.58077308
-698.96435271,429.82185130
-698.96274633,430.06292952
-698.96096478,430.30445008
-698.95918218,430.54608164
-698.95731411,430.78771238
-698.95544604,431.02934312
-698.95366344,431.27097467
-698.95187978,431.51271721
-698.95026497,431.75468336
-698.94839373,431.99664707
-698.94685911,432.23916898
-698.94532450,432.48169089
-698.94396399,432.72388146
-698.94260243,432.96618302
-698.94115118,433.20892772
-698.93995635,433.45167487
-698.93850721,433.69419759
-698.93705596,433.93694230
-698.93551712,434.17990818
-698.93397829,434.42287405
-698.93260513,434.66639651
-698.93071808,434.91002508
-698.92900091,435.15376627
-698.92745364,435.39762007
-698.92590848,435.64125189
-698.92436438,435.88477272
-698.92213332,436.12862003
-698.91981573,436.37257751
-698.91741267,436.61653419
-698.91492308,436.86060104
-698.91243349,437.10466789
-698.91002727,437.34895754
-698.90744905,437.59335655
-698.90512724,437.83775800
-698.90297428,438.08238305
-698.90107246,438.32756550
-698.90010558,438.57331183
-698.89922733,438.81872600
-698.89741520,439.06346529
-698.89492667,439.30742115
-698.89261752,439.55049071
-698.89047720,439.79378388
-698.88816805,440.03685344
-698.88551911,440.27969777
-698.88295459,440.52265391
-698.88039429,440.76516608
-698.87843652,441.00723997
-698.87707601,441.24943054
-698.87605845,441.49151337
-698.87435604,441.73370069
-698.87196669,441.97621449
-698.86923544,442.21872503
-698.86616230,442.46123234
-698.86334769,442.70352009
-698.86053413,442.94569686
-698.85712120,443.18797893
-698.85387922,443.43026263
-698.85072482,443.67232515
-698.84782896,443.91416814
-698.84501856,444.15601193
-698.84186733,444.39774148
-698.83871820,444.63924906
-698.83539812,444.88075501
-698.83207278,445.12281591
-698.82866302,445.36476501
-698.82533662,445.60693691
-698.82226875,445.84888925
-698.81920088,446.09084160
-698.81630501,446.33268459
-698.81349672,446.57430640
-698.81077496,446.81581803
-698.80779889,447.05710525
-698.80465292,447.29827985
-698.80184675,447.53967969
-698.79912709,447.78096934
-698.79623755,448.02214638
-698.79343454,448.26321324
-698.79080352,448.50417074
-698.78808808,448.74501643
-698.78537371,448.98575113
-698.78274691,449.22626466
-698.78003464,449.46677738
-698.77732342,449.70717911
-698.77478315,449.94758246
-698.77224394,450.18787482
-698.76970683,450.42794520
-698.76708530,450.66790378
-698.76437936,450.90775056
-698.76125026,451.14714931
-698.75803464,451.38665824
-698.75474198,451.62527844
-698.75144721,451.86412062
-698.74807013,452.10262901
-698.74434378,452.34191109
-698.74070501,452.58097200
-698.73706624,452.82003291
-698.73360580,453.05831851
-698.73031419,453.29682771
-698.72702575,453.53500395
-698.72373836,453.77306919
-698.72062192,454.01113606
-698.71742106,454.24909112
-698.71413578,454.48693438
-698.71042103,454.72499556
-698.70653427,454.96316611
-698.70247762,455.20122405
-698.69859192,455.43928361
-698.69479486,455.67701101
-698.69142622,455.91463148
-698.68831504,456.15214339
-698.68554682,456.38954756
-698.68286407,456.62695255
-698.68018343,456.86413555
-698.67758932,457.10120837
-698.67473984,457.33816777
-698.67180700,457.57490437
-698.66904721,457.81142062
-698.66654279,458.04805029
-698.66412489,458.28456979
-698.66196447,458.52098073
-698.65971752,458.75750185
-698.65747163,458.99391197
-698.65548110,459.23043553
-698.65357710,459.46684891
-698.65175962,459.70315210
-698.65002868,459.93934512
-698.64838320,460.17553896
-698.64673984,460.41151080
-698.64509542,460.64759364
-698.64328111,460.88356387
-698.64095501,461.11941823
-698.63837460,461.35504818
-698.63613292,461.59101435
-698.63406219,461.82698214
-698.63216030,462.06317353
-698.63034177,462.29958772
-698.62852218,462.53611290
-698.62661396,462.77297025
-698.62496110,463.00994101
-698.62330930,463.24680079
-698.62148444,463.48388092
-698.61966064,463.72085007
-698.61775031,463.95792939
-698.61609429,464.19523313
-698.61469469,464.43253930
-698.61320856,464.66995566
-698.61154727,464.90781435
-698.60979945,465.14578322
-698.60796510,465.38386227
-698.60536465,465.62160104
-698.60284969,465.85934063
-698.60059008,466.09719364
-698.59824289,466.33526781
-698.59598118,466.57334281
-698.59380388,466.81152960
-698.59213837,467.04983226
-698.58978591,467.28846139
-698.58760334,467.52720314
-698.58524983,467.76594326
-698.58280768,468.00501555
-698.58036553,468.24408783
-698.57783685,468.48327029
-698.57522270,468.72245194
-698.57268875,468.96218936
-698.57023922,469.20203858
-698.56779179,469.44166581
-698.56534120,469.68162602
-698.56280409,469.92169641
-698.56018150,470.16176599
-698.55764439,470.40183638
-698.55501969,470.64212794
-698.55299120,470.88264716
-698.55062397,471.12283016
-698.54817023,471.36312335
-698.54563100,471.60341571
-698.54377662,471.84360359
-698.54200665,472.08390327
-698.54041079,472.32387160
-698.53881177,472.56417290
-698.53721381,472.80436321
-698.53544067,473.04499587
-698.53349871,473.28540491
-698.53096054,473.52558629
-698.52833689,473.76576686
-698.52562883,474.00583563
-698.52266329,474.24601295
-698.51961123,474.48630045
-698.51656128,474.72636596
-698.51359258,474.96687626
-698.51062494,475.20727556
-698.50765413,475.44800783
-698.50476879,475.68874092
-698.50170935,475.92980536
-698.49865096,476.17075880
-698.49558730,476.41226720
-698.49235269,476.65377397
-698.48911492,476.89561372
-698.48570620,477.13745184
-698.48220884,477.37962212
-698.47871149,477.62179240
-698.47512445,477.86440584
-698.47162604,478.10668711
-698.46829541,478.34930298
-698.46573088,478.59225913
-698.46350613,478.83544051
-698.46077382,479.07806206
-698.45830214,479.32024209
-698.45531973,479.56219526
-698.45225290,479.80403663
-698.44859093,480.04553935
-698.44553254,480.28649279
-698.44255962,480.52744705
-698.43975238,480.76895788
-698.43711608,481.01047034
-698.43456209,481.25231659
-698.43149105,481.49460192
-698.42833348,481.73699743
-698.42508516,481.97994709
-698.42217874,482.22289999
-698.41867505,482.46573622
-698.41482526,482.70901316
-698.41105673,482.95273488
-698.40746336,483.19601426
-698.40378662,483.43907084
-698.40036841,483.68190788
-698.39695231,483.92452294
-698.39345285,484.16691521
-698.39004624,484.40853135
-698.38672616,484.65003732
-698.38426291,484.89132942
-698.38171314,485.13273170
-698.37907895,485.37402218
-698.37627487,485.61520005
-698.37321331,485.85648647
-698.37023828,486.09766271
-698.36734978,486.33872877
-698.36454781,486.57968466
-698.36182287,486.82152928
-698.35909688,487.06348489
-698.35662837,487.30533194
-698.35398996,487.54706639
-698.35127029,487.78835606
-698.34838179,488.02942212
-698.34532445,488.27026458
-698.34218480,488.51077325
-698.33887527,488.75116931
-698.33582425,488.99134582
-698.33268671,489.23163252
-698.32972328,489.47158786
-698.32675669,489.71187618
-698.32354528,489.95094116
-698.32050375,490.19011876
-698.31754560,490.42951915
-698.31561311,490.66892929
-698.31402146,490.90845366
-698.31224833,491.14908632
-698.31038866,491.38982916
-698.30852689,491.63079398
-698.30649522,491.87164618
-698.30420503,492.11271793
-698.30191483,492.35378968
-698.29953812,492.59497160
-698.29716139,492.83615353
-698.29504109,493.07733790
-698.29300626,493.31852307
-698.29097460,493.55937527
-698.28902629,493.80045027
-698.28699463,494.04130248
-698.28504632,494.28237747
-698.28241108,494.52377895
-698.27986025,494.76529222
-698.27721551,495.00769261
-698.27448530,495.25009219
-698.27166645,495.49282393
-698.26876213,495.73555486
-698.26568792,495.97817317
-698.26218950,496.22045445
-698.25869109,496.46273573
-698.25519057,496.70523899
-698.25160352,496.94785243
-698.24861900,497.19002759
-698.24580437,497.43231536
-698.24307522,497.67460395
-698.24043048,497.91700434
-698.23778574,498.15940474
-698.23513889,498.40202711
-698.23240657,498.64464867
-698.22975867,498.88738203
-698.22719202,499.13056017
-698.22453990,499.37373750
-698.22138127,499.61624401
-698.21805169,499.85874889
-698.21463559,500.10136396
-698.21139043,500.34398065
-698.20814316,500.58681932
-698.20506579,500.82977060
-698.20215830,501.07283450
-698.19916429,501.31600858
-698.19651217,501.55918591
-698.19385899,501.80247423
-698.19120582,502.04576254
-698.18863706,502.28916266
-698.18615377,502.53256360
-698.18358502,502.77596372
-698.18229308,503.01993097
-698.18091777,503.26367543
-698.17962583,503.50764269
-698.17816506,503.75138634
-698.17661459,503.99557314
-698.17497970,504.23964813
-698.17351577,504.48372476
-698.17204971,504.72802336
-698.17076094,504.97165764
-698.16964100,505.21551553
-698.16878063,505.45904288
-698.16876973,505.70313331
-698.16884219,505.94744653
-698.16865928,506.19164632
-698.16838879,506.43606728
-698.16786189,506.68048581
-698.16733287,506.92512632
-698.16714047,507.17032503
-698.16694702,507.41563473
-698.16675462,507.66083343
-698.16647570,507.90614232
-698.16619572,508.15156220
-698.16522142,508.39808549
-698.16416269,508.64449698
-698.16302061,508.89068567
-698.16187641,509.13709635
-698.16124399,509.38362289
-698.16052505,509.63025960
-698.15971958,509.87700650
-698.15891306,510.12386439
-698.15810653,510.37072227
-698.15721454,510.61757935
-698.15539183,510.86342857
-698.15365565,511.10916762
-698.15293881,511.35558236
-698.15239293,511.60199872
-698.15209607,511.84919445
-698.15162616,512.09661054
-698.15098531,512.34402500
-698.14992237,512.59088046
-698.14885942,512.83773591
-698.14779648,513.08459136
-698.14691080,513.33078249
-698.14610744,513.57730741
-698.14504977,513.82360790
-698.14398893,514.07024137
-698.14258831,514.31664962
-698.14118453,514.56339083
-698.13952433,514.81012961
-698.13821340,515.05609470
-698.13681806,515.30194799
-698.13626900,515.54869732
-698.13589300,515.79522630
-698.13525741,516.04208581
-698.13462499,516.28861235
-698.13381846,516.53547024
-698.13258774,516.78199110
-698.13118290,517.02884330
-698.12977911,517.27558452
-698.12896731,517.52299736
-698.12832540,517.77052282
-698.12768454,518.01793728
-698.12670496,518.26501553
-698.12513023,518.51175512
-698.12304477,518.75826786
-698.12035257,519.00566284
-698.11731637,519.25327655
-698.11435510,519.50200098
-698.11130625,519.75094658
-698.10893696,520.00034264
-698.10734009,520.24941304
-698.10668236,520.49860336
-698.10585474,520.74768106
-698.10425470,520.99708443
-698.10188330,521.24670247
-698.09925338,521.49654006
-698.09603358,521.74548404
-698.09298368,521.99454063
-698.09002135,522.24337606
-698.08765100,522.49288310
-698.08545266,522.74228079
-698.08342737,522.99145812
-698.08140207,523.24063545
-698.07929236,523.48970097
-698.07734622,523.73954506
-698.07514260,523.98949769
-698.07310993,524.23945196
-698.07090420,524.48962658
-698.06852858,524.73968858
-698.06700242,524.99031366
-698.06556278,525.24082856
-698.06412209,525.49145446
-698.06259908,525.74174656
-698.06133039,525.99226309
-698.06006169,526.24277961
-698.05879089,526.49351812
-698.05794323,526.74470465
-698.05666715,526.99599811
-698.05522224,527.24706796
-698.05369186,527.49813701
-698.05198842,527.74942641
-698.05037256,528.00049464
-698.04849818,528.25178242
-698.04611728,528.50239938
-698.04356228,528.75334768
-698.04100728,529.00429599
-698.03836786,529.25513250
-698.03589834,529.50608162
-698.03343092,529.75680876
-698.03130117,530.00798311
-698.02925900,530.25893629
-698.02687284,530.51010821
-698.02500478,530.76073004
-698.02296578,531.01135025
-698.02075477,531.26207983
-698.01845935,531.51269760
-698.01675380,531.76420899
-698.01436131,532.01604685
-698.01188229,532.26799488
-698.00881024,532.51938228
-698.00556618,532.77087905
-698.00223560,533.02248600
-697.99890397,533.27420394
-697.99557339,533.52581088
-697.99232723,533.77752963
-697.98908001,534.02935937
-697.98591721,534.28130092
-697.98275441,534.53324246
-697.97976361,534.78507464
-697.97685618,535.03712961
-697.97394874,535.28918458
-697.97112783,535.54112937
-697.96847787,535.79307578
-697.96565696,536.04502057
-697.96274741,536.29729753
-697.95992334,536.54957529
-697.95709927,536.80185306
-697.95444613,537.05413244
-697.95170753,537.30641102
-697.94930449,537.55935879
-697.94690251,537.81219557
-697.94458494,538.06514415
-697.94175454,538.31808786
-697.93909509,538.57103319
-697.93635121,538.82386672
-697.93360628,539.07681124
-697.93137946,539.32920568
-697.92940800,539.58171355
-697.92743759,539.83411042
-697.92563919,540.08639793
-697.92384078,540.33868544
-697.92178385,540.59119250
-697.91964144,540.84369874
-697.91732598,541.09642534
-697.91509705,541.34904176
-697.91277843,541.60210134
-697.91063918,541.85427461
-697.90875530,542.10656131
-697.90704448,542.35862764
-697.90575995,542.61080904
-697.90464954,542.86265908
-697.90345366,543.11450831
-697.90208893,543.36613394
-697.90038232,543.61775632
-697.89850477,543.86937707
-697.89663565,544.12010990
-697.89476758,544.37073174
-697.89246899,544.62168249
-697.89034346,544.87241288
-697.88804697,545.12314165
-697.88592354,545.37365007
-697.88396790,545.62449307
-697.88270446,545.87445465
-697.88127114,546.12430362
-697.88009950,546.37360007
-697.87875270,546.62333885
-697.87706929,546.87251944
-697.87555471,547.12192363
-697.87421529,547.37088548
-697.87210346,547.62017300
-697.87007710,547.86946132
-697.86779643,548.11852523
-697.86551366,548.36781113
-697.86323194,548.61698603
-697.86043316,548.86660002
-697.85780744,549.11599366
-697.85500762,549.36571864
-697.85246526,549.61533507
-697.84983638,549.86506167
-697.84720749,550.11478828
-697.84466619,550.36429372
-697.84221669,550.61313403
-697.83959940,550.86163974
-697.83672887,551.10981004
-697.83377286,551.35797953
-697.83124421,551.60615308
-697.82854567,551.85421402
-697.82584924,552.10205297
-697.82332480,552.34978256
-697.82140079,552.59729585
-697.81913382,552.84491688
-697.81721086,553.09231918
-697.81545884,553.33972311
-697.81370893,553.58690505
-697.81187355,553.83408618
-697.81004132,554.08093434
-697.80812152,554.32800367
-697.80620383,554.57485101
-697.80505960,554.82126171
-697.80391643,555.06756141
-697.80277326,555.31386111
-697.80146125,555.55993721
-697.80014819,555.80612430
-697.79883513,556.05231138
-697.79752417,556.29827649
-697.79680942,556.54446926
-697.79557550,556.79132311
-697.79460116,557.03784642
-697.79379777,557.28437135
-697.79342911,557.53012341
-697.79255290,557.77531564
-697.79117018,558.01983705
-697.78961546,558.26446784
-697.78763655,558.50876159
-697.78540227,558.75294191
-697.78342230,558.99734665
-697.78264105,559.24154078
-697.78305957,559.48541331
-697.78407428,559.72951350
-697.78560604,559.97317460
-697.78670939,560.21694263
-697.78729464,560.46126074
-697.78814157,560.70502633
-697.78898428,560.94923589
-697.78879923,561.19365768
-697.78895500,561.43819372
-697.78911077,561.68272975
-697.78960738,561.92738002
-697.79018946,562.17203111
-697.79085807,562.41657201
-697.79186645,562.66133815
-697.79287483,562.90610429
-697.79405205,563.15109403
-697.79523243,563.39575080
-697.79658060,563.64074216
-697.79784223,563.88584370
-697.79918512,564.13139002
-697.80053012,564.37671436
-697.80187301,564.62226068
-697.80330031,564.86791880
-697.80498404,565.11357936
-697.80555135,565.35978431
-697.80672435,565.60521802
-697.80798176,565.85076352
-697.80932254,566.09653183
-697.81049343,566.34218751
-697.81106074,566.58839247
-697.81145500,566.83481778
-697.81167620,567.08146345
-697.81155552,567.32810587
-697.81152136,567.57463812
-697.81097332,567.82127648
-697.81059622,568.06791647
-697.81039006,568.31455808
-697.81061127,568.56120375
-697.81108467,568.80829582
-697.81155701,569.05549888
-697.81134137,569.30313941
-697.81095583,569.55066732
-697.81108418,569.79808912
-697.81112706,570.04551010
-697.81108130,570.29326324
-697.81103554,570.54101638
-697.81115862,570.78899314
-697.81119517,571.03708006
-697.81131613,571.28527879
-697.81126826,571.53325392
-697.81130376,571.78145184
-697.81125589,572.02942696
-697.81138318,572.27695975
-697.81159700,572.52438235
-697.81172218,572.77213712
-697.81167537,573.02000126
-697.81170980,573.26831017
-697.81106152,573.51650159
-697.81024019,573.76491337
-697.81002243,574.01277588
-697.80971708,574.26085956
-697.80949827,574.50883306
-697.80910535,574.75713791
-697.80871348,575.00533177
-697.80832055,575.25363662
-697.80758469,575.50204921
-697.80667683,575.75057117
-697.80568454,575.99898133
-697.80477668,576.24750329
-697.80411890,576.49669363
-697.80354765,576.74577379
-697.80297429,576.99507593
-697.80317229,577.24416341
-697.80216946,577.49368347
-697.80185674,577.74254409
-697.80171390,577.99151732
-697.80140012,578.24048893
-697.80099981,578.48957071
-697.80059740,578.73887448
-697.79959562,578.98828355
-697.79850732,579.23780281
-697.79793291,579.48721594
-697.79735849,579.73662907
-697.79678302,579.98615320
-697.79637955,580.23556796
-697.79571544,580.48542425
-697.79522334,580.73517116
-697.79490322,580.98480872
-697.79509278,581.23478411
-697.79545434,581.48465015
-697.79435971,581.73483534
-697.79317961,581.98501973
-697.79140015,582.23530942
-697.78936427,582.48559668
-697.78732734,582.73599493
-697.78537694,582.98628300
-697.78359643,583.23668368
-697.78190349,583.48686320
-697.78072445,583.73693659
-697.78005401,583.98745883
-697.77972757,584.23776232
-697.77923335,584.48773122
-697.77874229,584.73736716
-697.77808240,584.98677948
-697.77725368,585.23596820
-697.77634053,585.48504512
-697.77525750,585.73400942
-697.77366058,585.98307984
-697.77197924,586.23203846
-697.77038443,586.48088690
-697.76896162,586.72962597
-697.76779733,586.97814550
-697.76672062,587.22644386
-697.76564602,587.47452024
-697.76388343,587.72303408
-697.76186548,587.97143450
-697.75993300,588.21983573
-697.75783063,588.46812434
-697.75572931,588.71630197
-697.75362800,588.96447959
-697.75152879,589.21243523
-697.74951611,589.46028070
-697.74759101,589.70790499
-697.74549497,589.95552767
-697.74297262,590.20303529
-697.74020123,590.44976354
-697.73751743,590.69627062
-697.73492121,590.94255653
-697.73240941,591.18895424
-697.73050329,591.43458071
-697.72859822,591.68009618
-697.72677968,591.92550148
-697.72453062,592.17123568
-697.72211166,592.41685727
-697.71952388,592.66225526
-697.71667968,592.90765081
-697.71358011,593.15293294
-697.71065044,593.39832767
-697.70755720,593.64294385
-697.70471933,593.88767346
-697.70085158,594.13283729
-697.69707035,594.37789093
-697.69328701,594.62316656
-697.68942137,594.86810841
-697.68572877,595.11282989
-697.68195282,595.35732859
-697.67826444,595.60160611
-697.67474912,595.84566328
-697.67157463,596.08983469
-697.66856265,596.33489564
-697.66546414,596.58006678
-697.66271068,596.82490819
-697.65885137,597.06918409
-697.65448660,597.31267818
-697.64969447,597.55616822
-697.64482320,597.79899150
-697.63986646,598.04181396
-697.63431458,598.28429778
-697.62944542,598.52689907
-697.62526636,598.76884092
-697.62279884,599.01057703
-697.62093068,599.25220783
-697.61880504,599.49394719
-697.61599564,599.73568005
-697.61232835,599.97773776
-697.60814929,600.21967961
-697.60414328,600.46140110
-697.60022380,600.70301242
-697.59647737,600.94440337
-697.59205033,601.18545486
-697.58796834,601.42617663
-697.58422823,601.66690164
-697.58040266,601.90762584
-697.57631856,602.14856959
-697.57240645,602.38940397
-697.56806489,602.63045627
-697.56380879,602.87150938
-697.55964133,603.11223033
-697.55624522,603.35273661
-697.55285227,603.59290992
-697.54945933,603.83308323
-697.54615291,604.07314636
-697.54285387,604.31243255
-697.53947041,604.55160695
-697.53565116,604.79166520
-697.53166413,605.03138887
-697.52767816,605.27100154
-697.52377976,605.51039304
-697.51988348,605.74956256
-697.51590383,605.98850929
-697.51226501,606.22757025
-697.50862725,606.46652023
-697.50524801,606.70525066
-697.50186878,606.94398109
-697.49857712,607.18249035
-697.49545957,607.42066826
-697.49242854,607.65873600
-697.48939646,607.89691472
-697.48628207,608.13475966
-697.48239106,608.37337423
-697.47824679,608.61165339
-697.47410042,608.85015453
-697.47081087,609.08844181
-697.46760785,609.32661891
-697.46457788,609.56457566
-697.46180537,609.80242385
-697.45929245,610.03994150
-697.45738310,610.27690989
-697.45538933,610.51376647
-697.45314652,610.74984368
-697.45090372,610.98592089
-697.44866092,611.22199810
-697.44582297,611.45773666
-697.44298398,611.69358620
-697.44066203,611.92899666
-697.43859755,612.16429856
-697.43636318,612.39948784
-697.43421429,612.63467794
-697.43189656,612.86964443
-697.42949230,613.10472110
-697.42717562,613.33957661
-697.42477242,613.57454229
-697.42254332,613.80917662
-697.42048517,614.04381258
-697.41945794,614.27790333
-697.41816798,614.51265758
-697.41679360,614.74730004
-697.41541816,614.98205348
-697.41395936,615.21658413
-697.41292475,615.45145181
-697.41180784,615.68598571
-697.41068987,615.92063060
-697.40940307,616.15505189
-697.40803079,616.38947236
-697.40631874,616.62366760
-697.40460880,616.85764087
-697.40289780,617.09172512
-697.40093250,617.32558495
-697.39896825,617.55933380
-697.39803704,617.79231545
-697.39727782,618.02518774
-697.39703355,618.25784292
-697.39670380,618.49049728
-697.39654605,618.72304228
-697.39621841,618.95547467
-697.39571982,619.18790543
-697.39496483,619.42033376
-697.39395342,619.65275964
-697.39294517,619.88485256
-697.39219544,620.11672593
-697.39144782,620.34837732
-697.39070443,620.57958475
-697.38978903,620.81090154
-697.38887574,621.04199636
-697.38787698,621.27309036
-697.38764957,621.50396969
-697.38725122,621.73484739
-697.38737097,621.96517501
-697.38740630,622.19539084
-697.38744269,622.42549566
-697.38739360,622.65559968
-697.38725905,622.88570289
-697.38695460,623.11569348
-697.38647921,623.34568245
-697.38609140,623.57545025
-697.38570359,623.80521804
-697.38531790,624.03476386
-697.38493325,624.26419869
-697.38455071,624.49341153
-697.38416817,624.72262438
-697.38378775,624.95161524
-697.38340626,625.18071709
-697.38217639,625.40914488
-697.38154271,625.63780034
-697.38082672,625.86612201
-697.38044840,626.09489089
-697.37998567,626.32354797
-697.37952398,626.55209406
-697.37906441,626.78041817
-697.37834315,627.00929480
-697.37762189,627.23817142
-697.37655979,627.46693381
-697.37576150,627.69492169
-697.37488089,627.92257580
-697.37400450,628.14978594
-697.37330222,628.37666474
-697.37251658,628.60332073
-697.37173515,628.82953277
-697.37078700,629.05529922
-697.36967107,629.28073108
-697.36881366,629.50594339
-697.36796047,629.73071173
-697.36727927,629.95537071
-697.36634483,630.17969428
-697.36532807,630.40368407
-697.36457090,630.62734332
-697.36423792,630.85133961
-697.36416240,631.07522734
-697.36409005,631.29878210
-697.36393750,631.52178109
-697.36319192,631.74421944
-697.36168659,631.96565157
-697.35993012,632.18652631
-697.35800798,632.40684448
-697.35548859,632.62704596
-697.35271385,632.84713403
-697.35027993,633.06733633
-697.34861420,633.28765693
-697.34823265,633.50776773
-697.34862351,633.72755286
-697.34935519,633.94745223
-697.34965952,634.16734755
-697.34885061,634.38745429
-697.34692847,634.60777245
-697.34500105,634.82864557
-697.34256081,635.04951381
-697.34012057,635.27038206
-697.33751255,635.49091571
-697.33447401,635.71177827
-697.33152199,635.93253065
-697.32900155,636.15284313
-697.32648533,636.37271165
-697.32431099,636.59258342
-697.32230759,636.81245681
-697.32030630,637.03210822
-697.31821743,637.25198080
-697.31604520,637.47163058
-697.31404392,637.69128199
-697.31187274,637.91082078
-697.30970262,638.13024859
-697.30744913,638.34945360
-697.30528112,638.56865942
-697.30294322,638.78775263
-697.30060426,639.00695683
-697.29886782,639.22572275
-697.29704591,639.44448785
-697.29531053,639.66314278
-697.29340525,639.88168510
-697.29115915,640.10011317
-697.28891094,640.31876323
-697.28675030,640.53719212
-697.28501914,640.75540308
-697.28328586,640.97383604
-697.28198099,641.19216205
-697.28041760,641.41070762
-697.27868432,641.62914056
-697.27686136,641.84801666
-697.27503945,642.06678177
-697.27304554,642.28565625
-697.27113710,642.50453154
-697.26939855,642.72351944
-697.26766000,642.94250734
-697.26592039,643.16160623
-697.26392227,643.38092467
-697.26201067,643.60013293
-697.26035231,643.81967660
-697.25869607,644.03899829
-697.25703455,644.25887493
-697.25545957,644.47864139
-697.25353425,644.69929253
-697.25160894,644.91994367
-697.24985141,645.14092940
-697.24800946,645.36180334
-697.24599236,645.58311961
-697.24371883,645.80443345
-697.24170700,646.02519477
-697.23935117,646.24617482
-697.23708081,646.46715568
-697.23455298,646.68824510
-697.23253482,646.90967237
-697.23077307,647.13110206
-697.22926773,647.35253420
-697.22724851,647.57407245
-697.22531371,647.79572251
-697.22311933,648.01770310
-697.22066643,648.23990324
-697.21795712,648.46210095
-697.21533222,648.68441045
-697.21279069,648.90694275
-697.21076620,649.12903596
-697.20899601,649.35135358
-697.20748118,649.57378464
-697.20613413,649.79655029
-697.20478497,650.01953792
-697.20352234,650.24241537
-697.20182813,650.46573272
-697.20004951,650.68893827
-697.19809678,650.91247517
-697.19640258,651.13579253
-697.19462184,651.35922006
-697.19292553,651.58275940
-697.19131468,651.80629954
-697.18961415,652.03028284
-697.18800014,652.25415597
-697.18621308,652.47824944
-697.18450727,652.70278770
-697.18271811,652.92710316
-697.18084241,653.15152879
-697.17905219,653.37595524
-697.17768510,653.60082972
-697.17648790,653.82581681
-697.17554395,654.05113930
-697.17443012,654.27634918
-697.17340175,654.50155988
-697.17245780,654.72688237
-697.17194437,654.95187596
-697.17151535,655.17698135
-697.17117497,655.40175457
-697.17083037,655.62697176
-697.17057335,655.85196779
-697.17031633,656.07696381
-697.17006036,656.30184884
-697.16997112,656.52717945
-697.16979852,656.75228728
-697.16979053,656.97806267
-697.16986801,657.20383887
-697.17002991,657.42972688
-697.17027728,657.65561570
-697.17043601,657.88183668
-697.17068022,658.10805847
-697.17092126,658.33461324
-697.17099241,658.56105538
-697.17165237,658.78850213
-697.17231023,659.01617087
-697.17280451,659.24306104
-697.17372510,659.47006626
-697.17464464,659.69718248
-697.17564965,659.92429950
-697.17656707,660.15163770
-697.17740008,660.37886409
-697.17823203,660.60620147
-697.17872316,660.83342462
-697.17921323,661.06075875
-697.17953130,661.28820226
-697.17950538,661.51586449
-697.17939294,661.74363691
-697.17928049,661.97140932
-697.17890953,662.19940128
-697.17862298,662.42750504
-697.17817181,662.65494124
-697.17797600,662.88249086
-697.17769156,663.11037264
-697.17757911,663.33814506
-697.17763444,663.56625207
-697.17786177,663.79424972
-697.17817352,664.02235916
-697.17822674,664.25068816
-697.17810797,664.47912651
-697.17764520,664.70778361
-697.17700411,664.93721601
-697.17602008,665.16675616
-697.17453060,665.39551450
-697.17295461,665.62438302
-697.17172155,665.85314379
-697.17031544,666.08212493
-697.16933457,666.31133210
-697.16835054,666.54087225
-697.16771894,666.76930574
-697.16691534,666.99784860
-697.16585111,667.22683298
-697.16512455,667.45626457
-697.16490554,667.68625599
-697.16468758,667.91613642
-697.16429552,668.14634819
-697.16331255,668.37577735
-697.16156350,668.60486623
-697.15947362,668.83384087
-697.15678755,669.06258784
-697.15401707,669.29122301
-697.15116006,669.51996836
-697.14864494,669.74871696
-697.14664369,669.97735944
-697.14601103,670.20590392
-697.14692528,670.43357509
-697.14800731,670.66158086
-697.14815022,670.88946670
-697.14717989,671.11756397
-697.14535381,671.34576411
-697.14310036,671.57396019
-697.14102314,671.80160294
-697.13886149,672.02913389
-697.13695732,672.25655629
-697.13496978,672.48375589
-697.13298329,672.71084450
-697.13091239,672.93782131
-697.12850488,673.16423991
-697.12601084,673.39076870
-697.12368880,673.61718811
-697.12145328,673.84349735
-697.12006931,674.07014769
-697.11928574,674.29658172
-697.11850217,674.52301575
-697.11720156,674.74988888
-697.11589990,674.97687299
-697.11442835,675.20374450
-697.11252311,675.43127788
-697.11044694,675.65880965
-697.10828635,675.88622960
-697.10612575,676.11364956
-697.10379633,676.34084592
-697.10138038,676.56815245
-697.09871118,676.79512357
-697.09612640,677.02220650
-697.09337384,677.24895483
-697.09062233,677.47559217
-697.08787294,677.70200753
-697.08538733,677.92764839
-697.08290279,678.15317826
-697.08050371,678.37870895
-697.07767622,678.60434656
-697.07493420,678.82998498
-697.07227766,679.05562422
-697.06885188,679.28125615
-697.06551367,679.50666691
-697.06148644,679.73262613
-697.05754783,679.95825318
-697.05352375,680.18387943
-697.04958725,680.40928450
-697.04547876,680.63479895
-697.04137238,680.86009141
-697.03717947,681.08549405
-697.03298972,681.31056372
-697.02812043,681.53518293
-697.02342208,681.75980376
-697.01958581,681.98365578
-697.01574638,682.20784077
-697.01190590,682.43213675
-697.00806542,682.65643273
-697.00422494,682.88072871
-697.00029793,683.10513487
-696.99637304,683.32931905
-696.99244708,683.55361422
-696.98827210,683.77713002
-696.98409712,684.00064582
-696.98009413,684.22405225
-696.97634755,684.44746112
-696.97260309,684.67064801
-696.96868768,684.89383327
-696.96485458,685.11735232
-696.96102148,685.34087137
-696.95830899,685.56340205
-696.95559755,685.78582175
-696.95288822,686.00801947
-696.95017889,686.23021718
-696.94738304,686.45252508
-696.94475707,686.67494558
-696.94204564,686.89736528
-696.93924767,687.11989516
-696.93636318,687.34253521
-696.93416141,687.56529275
-696.93178869,687.78804867
-696.92941702,688.01069360
-696.92678789,688.23344708
-696.92433287,688.45586921
-696.92170690,688.67828972
-696.91908199,688.90059924
-696.91628613,689.12290714
-696.91418459,689.34411162
-696.91208199,689.56542710
-696.90989392,689.78674176
-696.90779237,690.00794624
-696.90551989,690.22914910
-696.90342467,690.44968764
-696.90124398,690.67022537
-696.89906329,690.89076310
-696.89662935,691.11096542
-696.89410889,691.33127792
-696.89133096,691.55169898
-696.88881050,691.77201147
-696.88586479,691.99209793
-696.88309002,692.21218601
-696.88031526,692.43227410
-696.87771671,692.65180885
-696.87606255,692.87090857
-696.87415303,693.08989487
-696.87249782,693.30910558
-696.87067272,693.52820368
-696.86884762,693.74730178
-696.86711115,693.96606771
-696.86537574,694.18472266
-696.86381127,694.40337923
-696.86233227,694.62203661
-696.86085959,694.84002806
-696.85921492,695.05812886
-696.85765362,695.27645246
-696.85600789,695.49466426
-696.85419228,695.71276344
-696.85229120,695.93086181
-696.85039012,696.14896018
-696.84874334,696.36728297
-696.84761360,696.58516667
-696.84613460,696.80382405
-696.84465876,697.02214846
-696.84292546,697.24058143
-696.84119321,697.45890341
-696.83946623,697.67667043
-696.83791230,697.89421709
-696.83627185,698.11187394
-696.83437604,698.32941736
-696.83247812,698.54718276
-696.83058125,698.76483717
-696.82859892,698.98249076
-696.82636122,699.20003093
-696.82412564,699.41734912
-696.82163259,699.63477586
-696.81905618,699.85197981
-696.81665176,700.06907440
-696.81407641,700.28616736
-696.81192840,700.50326438
-696.80952293,700.72046995
-696.80720399,700.93756535
-696.80488293,701.15488273
-696.80239094,701.37219848
-696.79998335,701.58962603
-696.79723389,701.80705034
-696.79448232,702.02469663
-696.79173286,702.24212094
-696.78889898,702.45943344
-696.78623710,702.67663658
-696.78340533,702.89372711
-696.78065903,703.11081844
-696.77808157,703.32813339
-696.77627755,703.54501167
-696.77464342,703.76200258
-696.77343981,703.97866457
-696.77206947,704.19488097
-696.77027706,704.41053836
-696.76797709,704.62563592
-696.76533419,704.84084123
-696.76217846,705.05604166
-696.75876422,705.27146164
-696.75534997,705.48688162
-696.75210667,705.70230323
-696.74954712,705.91773133
-696.74836038,706.13261747
-696.74794182,706.34762191
-696.74752431,706.56251536
-696.74702027,706.77751898
-696.74583037,706.99273809
-696.74378259,707.20828206
-696.74147946,707.42371259
-696.73891781,707.63936268
-696.73567240,707.85500626
-696.73242804,708.07053886
-696.72935673,708.28585110
-696.72620100,708.50105153
-696.72313180,708.71614179
-696.72023354,708.93123367
-696.71733633,709.14621456
-696.71478312,709.36097672
-696.71231537,709.57573969
-696.71001856,709.79050428
-696.70754977,710.00537825
-696.70508307,710.22003022
-696.70244439,710.43479157
-696.69980675,710.64944193
-696.69708365,710.86409147
-696.69487654,711.07841291
-696.69241090,711.29295390
-696.68986296,711.50716111
-696.68714302,711.72147768
-696.68442308,711.93579425
-696.68187408,712.15011244
-696.67932719,712.36420866
-696.67686471,712.57841667
-696.67474728,712.79229497
-696.67271322,713.00639605
-696.67076462,713.22049795
-696.66872950,713.43471003
-696.66608765,713.64980435
-696.66335927,713.86500885
-696.66062984,714.08032434
-696.65746989,714.29596874
-696.65516676,714.51139928
-696.65294804,714.72694162
-696.65072405,714.94303891
-696.64841354,715.15924639
-696.64601545,715.37567503
-696.64344536,715.59221304
-696.64096285,715.80852989
-696.63830729,716.02506709
-696.63573720,716.24160510
-696.63299406,716.45836347
-696.63016334,716.67534300
-696.62733052,716.89254452
-696.62458527,717.10952487
-696.62192338,717.32672802
-696.61917497,717.54404134
-696.61633793,717.76168682
-696.61324974,717.97877492
-696.61093184,718.19575933
-696.60878489,718.41274536
-696.60697876,718.62984563
-696.60534462,718.84683654
-696.60370944,719.06393844
-696.60250160,719.28104440
-696.60103840,719.49803693
-696.59957099,719.71547342
-696.59784611,719.93301847
-696.59577935,720.15056027
-696.59362713,720.36810126
-696.59138415,720.58619639
-696.58948095,720.80451675
-696.58791541,721.02328432
-696.58677407,721.24238893
-696.58597354,721.46160777
-696.58525849,721.68082742
-696.58471227,721.90027068
-696.58416077,722.12026890
-696.58336131,722.33937675
-696.58213132,722.55881352
-696.58047715,722.77791325
-696.57856235,722.99745451
-696.57647661,723.21699414
-696.57498811,723.43665045
-696.57384148,723.65631001
-696.57295338,723.87575002
-696.57206211,724.09552300
-696.57117084,724.31529599
-696.56958527,724.53617238
-696.56799864,724.75715977
-696.56623685,724.97858950
-696.56421655,725.20023877
-696.56185014,725.42232876
-696.55931174,725.64452811
-696.55677229,725.86683845
-696.55440272,726.08926141
-696.55271797,726.31157987
-696.55111657,726.53412113
-696.54934319,726.75677175
-696.54731128,726.97964192
-696.54536484,727.20251291
-696.54342368,727.42482893
-696.54156904,727.64703478
-696.53979882,727.86935244
-696.53802754,728.09178108
-696.53642825,728.31410035
-696.53482792,728.53653062
-696.53322547,728.75918287
-696.53230678,728.98184162
-696.53130052,729.20472153
-696.53020984,729.42748964
-696.52894716,729.65036712
-696.52751143,729.87346496
-696.52547847,730.09644612
-696.52344340,730.31964926
-696.52140727,730.54296340
-696.51954209,730.76627915
-696.51776026,730.98981771
-696.51605442,731.21435598
-696.51443299,731.43900607
-696.51281050,731.66376714
-696.51144232,731.88875263
-696.51007308,732.11384911
-696.50878826,732.33905740
-696.50734199,732.56326514
-696.50580919,732.78758307
-696.50529993,733.01213271
-696.50496160,733.23668399
-696.50478895,733.46179184
-696.50436093,733.68678626
-696.50393081,733.91200267
-696.50349858,734.13744105
-696.50314760,734.36332422
-696.50279768,734.58909639
-696.50236334,734.81475675
-696.50184353,735.04041631
-696.50140708,735.26629866
-696.50105715,735.49207083
-696.50087606,735.71806661
-696.50069602,735.94395140
-696.50042734,736.17016834
-696.50007214,736.39649547
-696.50022344,736.62349341
-696.50029032,736.85037955
-696.49984332,737.07737181
-696.49931086,737.30436325
-696.49886070,737.53168848
-696.49840948,737.75912470
-696.49812815,737.98667354
-696.49792913,738.21455616
-696.49790210,738.44232941
-696.49787402,738.67021366
-696.49801582,738.89821051
-696.49858076,739.12665540
-696.49923854,739.35432416
-696.50015063,739.58221733
-696.50089283,739.80999790
-696.50188933,740.03800287
-696.50245953,740.26589280
-696.50285247,740.49444705
-696.50307236,740.72322166
-696.50312658,740.95143969
-696.50292123,741.17998825
-696.50245841,741.40864537
-696.50233537,741.63752772
-696.50289924,741.86608360
-696.50397489,742.09475533
-696.50522041,742.32353969
-696.50714548,742.55277450
-696.50881625,742.78178489
-696.51014408,743.01090303
-696.51086941,743.24045944
-696.51142274,743.47012522
-696.51163314,743.69989874
-696.51192795,743.92978407
-696.51170783,744.15988651
-696.51156685,744.39065570
-696.51133724,744.62175705
-696.51152971,744.85341742
-696.51189417,745.08496842
-696.51225758,745.31663041
-696.51270646,745.54829322
-696.51323975,745.78006782
-696.51368652,746.01195261
-696.51489724,746.24439965
-696.51610797,746.47684670
-696.51740416,746.70929456
-696.51827828,746.94118340
-696.51923787,747.17307306
-696.52011198,747.40496191
-696.52098610,747.63685075
-696.52177264,747.86896077
-696.52238718,748.10118015
-696.52274004,748.33395205
-696.52317942,748.56661377
-696.52361670,748.79949747
-696.52396850,749.03238036
-696.52414725,749.26548361
-696.52449589,749.49869947
-696.52484454,749.73191533
-696.52519107,749.96535318
-696.52570748,750.19890364
-696.52613843,750.43245329
-696.52724891,750.66645339
-696.52835835,750.90056449
-696.52946883,751.13456460
-696.53040838,751.36856308
-696.53083405,751.60266768
-696.53125972,751.83677228
-696.53151024,752.07131922
-696.53184411,752.30608896
-696.53217588,752.54108067
-696.53250764,752.77607239
-696.53266847,753.01106248
-696.53223311,753.24582490
-696.53179775,753.48058733
-696.53136134,753.71546075
-696.53143670,753.95045002
-696.53159647,754.18555111
-696.53175518,754.42076318
-696.53182843,754.65597444
-696.53130233,754.89129101
-696.53069076,755.12660677
-696.53007708,755.36214451
-696.52929246,755.59768062
-696.52850995,755.83299475
-696.52772533,756.06853087
-696.52694177,756.30395599
-696.52641039,756.53982751
-696.52579461,756.77558723
-696.52534238,757.01212551
-696.52489331,757.24833082
-696.52427225,757.48464549
-696.52373982,757.72062800
-696.52338255,757.95616818
-696.52302738,758.19148637
-696.52267222,758.42680456
-696.52223159,758.66212195
-696.52101751,758.89787598
-696.51997542,759.13352065
-696.51893650,759.36883235
-696.51781316,759.60403225
-696.51635005,759.83900691
-696.51488695,760.07398158
-696.51299438,760.30917416
-696.51101740,760.54425495
-696.50895495,760.77933492
-696.50689355,761.01430390
-696.50482688,761.24982784
-696.50284673,761.48524159
-696.50078217,761.72054355
-696.49880308,761.95584632
-696.49699704,762.19092872
-696.49527646,762.42601195
-696.49381441,762.66087562
-696.49235446,762.89551732
-696.49098104,763.13004883
-696.48935332,763.36435593
-696.48687195,763.59854392
-696.48413734,763.83239650
-696.48132042,764.06591529
-696.47825236,764.29887670
-696.47510095,764.53161531
-696.47186301,764.76446410
-696.46828424,764.99719866
-696.46470442,765.23004420
-696.46112566,765.46277875
-696.45763131,765.69562511
-696.45405676,765.92791570
-696.45039674,766.16020548
-696.44690872,766.39238589
-696.44350828,766.62434513
-696.44019435,766.85619419
-696.43670844,767.08815262
-696.43364882,767.32022610
-696.43067573,767.55218941
-696.42735969,767.78426045
-696.42404577,768.01610951
-696.42107584,768.24773985
-696.41793602,768.47925756
-696.41462632,768.71066266
-696.41174186,768.94229381
-696.40868540,769.17403432
-696.40468878,769.40576589
-696.40077762,769.63749828
-696.39703952,769.86901031
-696.39355782,770.10052478
-696.39007823,770.33181727
-696.38676853,770.56322237
-696.38345988,770.79451648
-696.38015123,771.02581060
-696.37658407,771.25732425
-696.37301796,771.48872692
-696.36945395,771.71990760
-696.36597753,771.95086712
-696.36241353,772.18204780
-696.35876722,772.41289471
-696.35494997,772.64373998
-696.35104936,772.87436246
-696.34757715,773.10487802
-696.34410284,773.33561555
-696.34063274,773.56590912
-696.33750241,773.79642793
-696.33454724,774.02650439
-696.33184953,774.25647229
-696.32941140,774.48610967
-696.32705873,774.71574785
-696.32462270,774.94516324
-696.32133198,775.17457051
-696.31778380,775.40408634
-696.31414803,775.63382333
-696.31025691,775.86344690
-696.30619696,776.09284686
-696.30239237,776.32236025
-696.29884629,776.55165410
-696.29564315,776.78084020
-696.29269747,777.00991775
-696.28983514,777.23921809
-696.28757322,777.46830213
-696.28522688,777.69727437
-696.28313801,777.92613806
-696.28036221,778.15532822
-696.27750200,778.38440658
-696.27438959,778.61303854
-696.27170560,778.84156357
-696.26910917,779.06986743
-696.26582899,779.29816479
-696.26237999,779.52623856
-696.25901855,779.75409114
-696.25565713,779.98194373
-696.25246558,780.20990894
-696.24969822,780.43821118
-696.24718516,780.66673783
-696.24450221,780.89515187
-696.24225505,781.12268205
-696.23992031,781.35043339
-696.23741357,781.57829410
-696.23499231,781.80615562
-696.23172267,782.03334308
-696.22811222,782.26041630
-696.22424640,782.48737609
-696.22046606,782.71433670
-696.21651056,782.94173964
-696.21307315,783.16859251
-696.20920945,783.39533032
-696.20500492,783.62195389
-696.20079829,783.84879945
-696.19650829,784.07542221
-696.19230482,784.30193479
-696.18844428,784.52833963
-696.18449616,784.75496564
-696.18063351,784.98159246
-696.17659992,785.20821766
-696.17274149,785.43440052
-696.16887463,785.66147130
-696.16534858,785.88865633
-696.16182465,786.11561937
-696.15830071,786.34258241
-696.15469342,786.56932266
-696.15023143,786.79605479
-696.14568713,787.02245313
-696.14131378,787.24885310
-696.13711242,787.47514370
-696.13291105,787.70143431
-696.12896399,787.92794933
-696.12518892,788.15435498
-696.12158268,788.38098424
-696.11814949,788.60739314
-696.11496954,788.83413745
-696.11170623,789.06065897
-696.10835851,789.28706868
-696.10492532,789.51347758
-696.10149318,789.73977549
-696.09806210,789.96596241
-696.09480406,790.19192898
-696.09171802,790.41778617
-696.08889050,790.64342382
-696.08649032,790.86906554
-696.08417667,791.09459707
-696.08177754,791.32012779
-696.07946811,791.54521536
-696.07715762,791.77041392
-696.07476271,791.99550068
-696.07228128,792.22069762
-696.06971333,792.44600473
-696.06731842,792.67109149
-696.06509130,792.89651284
-696.06312268,793.12171465
-696.06140732,793.34725187
-696.05978058,793.57245693
-696.05832478,793.79766361
-696.05704309,794.02253895
-696.05584686,794.24741509
-696.05473927,794.47195908
-696.05379629,794.69717063
-696.05276679,794.92249236
-696.05173939,795.14759211
-696.05096946,795.37258331
-696.05045593,795.59757695
-696.04994452,795.82234860
-696.04943310,796.04712025
-696.04773460,796.27088162
-696.04629146,796.49475641
-696.04510578,796.71852265
-696.04408998,796.94240150
-696.04341711,797.16617262
-696.04299749,797.39027913
-696.04393905,797.61506459
-696.04496292,797.84018383
-696.04607648,798.06485992
-696.04735992,798.28964863
-696.04872988,798.51432715
-696.04992890,798.73900406
-696.05138855,798.96323943
-696.05267726,799.18747318
-696.05405144,799.41170775
-696.05551109,799.63594312
-696.05697390,799.85984553
-696.05922070,800.08220137
-696.06163843,800.30455883
-696.06414375,800.52669513
-696.06656254,800.74894161
-696.06889375,800.97140925
-696.07165336,801.19376996
-696.07449844,801.41613149
-696.07743005,801.63838284
-696.08070353,801.86063743
-696.08509444,802.08223664
-696.08957082,802.30383666
-696.09430150,802.52566110
-696.09877471,802.74759409
-696.10341465,802.96997267
-696.10788153,803.19257161
-696.11226084,803.41539171
-696.11630038,803.63798659
-696.12033464,803.86113642
-696.12419692,804.08439562
-696.12822802,804.30787842
-696.13259889,804.53158646
-696.13748047,804.75552134
-696.14278939,804.97946029
-696.14809725,805.20351022
-696.15340407,805.42767115
-696.15845341,805.65194064
-696.16350171,805.87632111
-696.16837696,806.10092194
-696.17333872,806.32541259
-696.17665443,806.55221862
-696.18014319,806.77880429
-696.18363089,807.00550096
-696.18728847,807.23231023
-696.19102941,807.45934231
-696.19476930,807.68648537
-696.19850708,807.91385041
-696.20224381,808.14132645
-696.20597842,808.36902446
-696.20971198,808.59683347
-696.21361543,808.82475509
-696.21768981,809.05267834
-696.22176208,809.28082356
-696.22600634,809.50885942
-696.22919334,809.74021526
-696.23238139,809.97146011
-696.23565492,810.20270577
-696.23884508,810.43372864
-696.24229059,810.66486493
-696.24582263,810.89589105
-696.24944119,811.12680698
-696.25305869,811.35783391
-696.25667514,811.58897183
-696.26029159,811.82010975
-696.26407792,812.05136028
-696.26777879,812.28261000
-696.27173395,812.51408414
-696.27568911,812.74555828
-696.27972763,812.97725521
-696.28376510,813.20906313
-696.28797456,813.44076169
-696.29243937,813.67257367
-696.29707406,813.90449827
-696.30179528,814.13631269
-696.30737962,814.36724730
-696.31287745,814.59829210
-696.31820327,814.82944626
-696.32370004,815.06060204
-696.32928122,815.29186963
-696.33494787,815.52313803
-696.34069787,815.75462922
-696.34653230,815.98623221
-696.35219367,816.21805556
-696.35776852,816.44998910
-696.36122035,816.68045945
-696.36458671,816.91092899
-696.36829389,817.14151277
-696.36960266,817.37262876
-696.37108026,817.60396836
-696.37298520,817.83531202
-696.37514339,818.06699109
-696.37976858,818.29991461
-696.38447608,818.53317191
-696.38918253,818.76654020
-696.39526175,818.99936653
-696.40125445,819.23230304
-696.40724715,819.46523955
-696.41638217,819.70031493
-696.42560477,819.93516914
-696.43456885,820.17024289
-696.44484133,820.40255406
-696.45511170,820.63508721
-696.46529449,820.86784153
-696.47539075,821.10070602
-696.48531397,821.33379088
-696.49515172,821.56687492
-696.50507282,821.80018175
-696.51490741,822.03359877
-696.52482535,822.26723858
-696.53482560,822.50121217
-696.54473826,822.73540693
-696.55473640,822.96960250
-696.56473243,823.20402006
-696.57464193,823.43854779
-696.58463690,823.67307634
-696.59445882,823.90782524
-696.60410875,824.14268352
-696.61151856,824.37940752
-696.61892625,824.61635350
-696.62633289,824.85341047
-696.63382394,825.09057925
-696.64131500,825.32774802
-696.64889046,825.56502860
-696.65655245,825.80219900
-696.66725337,826.04339430
-696.67786881,826.28458879
-696.68675800,826.52754289
-696.69556277,826.77038519
-696.70428313,827.01311568
-696.71300243,827.25595716
-696.72189584,827.49846730
-696.73122080,827.74053754
-696.74063335,827.98238660
-696.74995937,828.22434584
-696.75936980,828.46641689
-696.76869476,828.70848712
-696.77793320,828.95066754
-696.78717164,829.19284795
-696.79641218,829.43480638
-696.80565062,829.67698680
-696.81497558,829.91905703
-696.82526811,830.15825044
-696.83538971,830.39744222
-696.84559466,830.63685680
-696.85562763,830.87638075
-696.86565742,831.11623767
-696.87524195,831.35797736
-696.88499635,831.59982968
-696.89457771,831.84190235
-696.90433106,832.08386566
-696.91416988,832.32582977
-696.92418069,832.56768453
-696.93427592,832.80965108
-696.94428356,833.05183880
-696.95434820,833.29702409
-696.96466819,833.54232280
-696.97507260,833.78773331
-696.98430364,834.03069067
-696.99361909,834.27375982
-697.00336083,834.51694402
-697.01301605,834.76023841
-697.02378658,835.00309938
-697.03446954,835.24618153
-697.04515143,835.48937467
-697.05591775,835.73267961
-697.06685499,835.97598617
-697.07779224,836.21929274
-697.08906925,836.46282453
-697.10043384,836.70613516
-697.11179527,836.94977875
-697.12315669,837.19342235
-697.13442948,837.43739811
-697.14587321,837.68137549
-697.15723041,837.92546305
-697.16526276,838.16863102
-697.17355257,838.41169043
-697.18218426,838.65475309
-697.19013114,838.89792024
-697.19825001,839.14097803
-697.20662423,839.38414924
-697.21525380,839.62743389
-697.22412924,839.87183087
-697.23326213,840.11611930
-697.24248155,840.36029755
-697.25204284,840.60447905
-697.26169065,840.84855037
-697.27176581,841.09262576
-697.28173335,841.33903113
-697.29195941,841.58521696
-697.30236062,841.83096045
-697.31301930,842.07659539
-697.32599301,842.32147532
-697.33888336,842.56613245
-697.35194360,842.81090220
-697.36381676,843.05466166
-697.37560551,843.29830932
-697.38635702,843.54316814
-697.39745147,843.78791921
-697.40880443,844.03245073
-697.42041591,844.27676272
-697.43228484,844.52096614
-697.44441124,844.76506102
-697.45662310,845.00915670
-697.46892255,845.25303121
-697.48192366,845.49502538
-697.49501130,845.73690938
-697.50835640,845.97868481
-697.52223857,846.21791233
-697.53620831,846.45691868
-697.55009259,846.69592423
-697.56431663,846.93515500
-697.57853961,847.17449676
-697.59327540,847.41384339
-697.60835413,847.65308228
-697.62368714,847.89254559
-697.63927657,848.13201133
-697.65486599,848.37147708
-697.67098616,848.60906085
-697.68727831,848.84653526
-697.70339847,849.08411904
-697.71960304,849.32181462
-697.73563667,849.55950857
-697.75175472,849.79731433
-697.76804265,850.03523270
-697.78492780,850.27326775
-697.80215694,850.51108406
-697.81964248,850.74890281
-697.83755748,850.98650364
-697.85547247,851.22410447
-697.87355735,851.46181792
-697.89181210,851.69964397
-697.91076748,851.93570068
-697.92972180,852.17186837
-697.94875948,852.40825886
-697.97003939,852.64256164
-697.99140370,852.87697622
-698.01268044,853.11161197
-698.03387276,853.34613592
-698.05506297,853.58088185
-698.07616771,853.81562696
-698.09727139,854.05048307
-698.11838140,854.28467324
-698.13949035,854.51897439
-698.16059931,854.75327555
-698.17870736,854.98854720
-698.19715729,855.22382210
-698.21568952,855.45943078
-698.23430827,855.69492928
-698.25292596,855.93053878
-698.27163018,856.16603810
-698.29041987,856.40153823
-698.30946701,856.63692980
-698.32851416,856.87232138
-698.34773118,857.10782557
-698.36430922,857.34219468
-698.38088620,857.57667478
-698.39771959,857.81115731
-698.41480938,858.04564228
-698.43198464,858.28012807
-698.44924432,858.51472566
-698.46658946,858.74932406
-698.48331101,858.98658055
-698.50029001,859.22372849
-698.51769637,859.46088049
-698.53518924,859.69792231
-698.55276652,859.93507593
-698.57043033,860.17211938
-698.58576434,860.41147170
-698.60127244,860.65049268
-698.61712242,860.88951690
-698.63314545,861.12832077
-698.64934046,861.36701528
-698.66587946,861.60549104
-698.68250498,861.84385664
-698.69930143,862.08222385
-698.71618547,862.32036989
-698.73315602,862.55840576
-698.75038403,862.79633307
-698.76761416,863.03403840
-698.78501626,863.27163437
-698.80051276,863.51187624
-698.81618335,863.75178677
-698.83219370,863.99192253
-698.84837710,864.23183793
-698.86496675,864.47397721
-698.88190144,864.71578676
-698.89901023,864.95726497
-698.91541945,865.20040154
-698.93191729,865.44320595
-698.94867366,865.68579081
-698.96551760,865.92815451
-698.98253564,866.17018686
-698.99955578,866.41199722
-699.01666456,866.65347543
-699.03394533,866.89484427
-699.05140125,867.13577077
-699.06652843,867.37889516
-699.08191729,867.62146703
-699.09756360,867.86393035
-699.11329854,868.10606151
-699.12570443,868.34771703
-699.13853977,868.58915464
-699.15171909,868.83037351
-699.16507251,869.07126103
-699.17893768,869.31226442
-699.19297591,869.55304745
-699.20744358,869.79361256
-699.22199672,870.03417848
-699.23715130,870.27441711
-699.25247576,870.51476836
-699.26797433,870.75478826
-699.28355941,870.99469798
-699.29940301,871.23438815
-699.31541965,871.47385797
-699.33169270,871.71333023
-699.34813774,871.95269311
-699.36507871,872.19383673
-699.38202285,872.43464737
-699.39914214,872.67501567
-699.41651889,872.91527542
-699.43389986,873.15509120
-699.45136524,873.39501879
-699.46908808,873.63483782
-699.48706838,873.87454830
-699.50513520,874.11414860
-699.52345948,874.35364035
-699.54195574,874.59302273
-699.55815069,874.83171724
-699.57443426,875.07007959
-699.59088878,875.30844356
-699.60760180,875.54658799
-699.62421564,875.78617449
-699.64143093,876.02543370
-699.65873063,876.26480471
-699.67620338,876.50395536
-699.69384811,876.74299665
-699.71149496,876.98181596
-699.72971793,877.22297176
-699.74811606,877.46368521
-699.76660282,877.70406651
-699.78526157,877.94433844
-699.80409125,878.18461200
-699.82292305,878.42466358
-699.84192683,878.66460578
-699.86101819,878.90432682
-699.88028365,879.14371651
-699.89955016,879.38299521
-699.91867315,879.61938653
-699.93779509,879.85588884
-699.95691913,880.09216917
-699.97629853,880.32856292
-699.99561671,880.56240308
-700.01519234,880.79613468
-700.03502544,881.02975772
-700.05485853,881.26338077
-700.07486256,881.49700544
-700.09546487,881.73063579
-700.11623706,881.96437876
-700.13709471,882.19812255
-700.15795131,882.43197732
-700.17897990,882.66572273
-700.20009185,882.89969093
-700.22129032,883.13354895
-700.24257425,883.36740779
-700.26402912,883.60126824
-700.28548399,883.83512871
-700.30711085,884.06887980
-700.32873982,884.30240891
-700.35045214,884.53616081
-700.37242298,884.76969317
-700.39465233,885.00300599
-700.41696820,885.23620862
-700.43928196,885.46963324
-700.46159783,885.70283588
-700.48399811,885.93615032
-700.50648807,886.16902161
-700.52470778,886.40151932
-700.54310159,886.63368569
-700.56174969,886.86607647
-700.58125247,887.09847537
-700.60092936,887.33054293
-700.62086054,887.56283490
-700.64113675,887.79479715
-700.66158179,888.02698301
-700.68202788,888.25905787
-700.70255628,888.49146652
-700.72351412,888.72365725
-700.74472732,888.95596141
-700.76585926,889.18782079
-700.78707667,889.41968098
-700.80804084,889.65120577
-700.82581736,889.88536428
-700.84385029,890.11952523
-700.86239603,890.35369106
-700.88085630,890.58785607
-700.89957192,890.82213451
-700.91846164,891.05608160
-700.93777869,891.29003276
-700.95735426,891.52376436
-700.97718729,891.75738742
-700.99702137,891.99089948
-701.01694198,892.22430136
-701.03806335,892.45727065
-701.05944324,892.69002040
-701.08116500,892.92277339
-701.10297328,893.15541621
-701.12495144,893.38817164
-701.14566762,893.61880607
-701.16672461,893.84955473
-701.18761066,894.08030177
-701.20883964,894.31094107
-701.22880874,894.53923738
-701.24911971,894.76753694
-701.26977150,894.99595074
-701.29059317,895.22447715
-701.31141378,895.45311456
-701.33257521,895.68186621
-701.35399410,895.91050929
-701.37549846,896.13915320
-701.39760425,896.36746981
-701.41979657,896.59567625
-701.44198994,896.82377169
-701.46418014,897.05220011
-701.48654128,897.28063016
-701.50907335,897.50906182
-701.53186078,897.73760692
-701.55593339,897.96583122
-701.58026240,898.19405796
-701.60484782,898.42228714
-701.62968963,898.65051875
-701.65478996,898.87853082
-701.67919706,899.10753531
-701.70360309,899.33665079
-701.72783924,899.56565365
-701.75198992,899.79465570
-701.77597494,900.02310118
-701.79987660,900.25132386
-701.82395341,900.47910420
-701.84854724,900.70644545
-701.87331623,900.93334437
-701.89834373,901.16002373
-701.92363080,901.38637257
-701.94925974,901.61272465
-701.97514719,901.83885719
-702.00112327,902.06465756
-702.02718798,902.29012578
-702.05129958,902.51424343
-702.07558422,902.73814072
-702.10098311,902.96171560
-702.12655398,903.18518111
-702.15238021,903.40876005
-702.17829401,903.63211782
-702.20438086,903.85525523
-702.23055528,904.07817147
-702.25681939,904.30064457
-702.28308560,904.52289568
-702.30969580,904.74492806
-702.33656451,904.96674089
-702.36351762,905.18866552
-702.39064273,905.41048079
-702.41794194,905.63196472
-702.44541524,905.85311729
-702.47306265,906.07393852
-702.50079762,906.29453857
-702.52870459,906.51502927
-702.55661367,906.73529797
-702.58460926,906.95545650
-702.61260697,907.17539306
-702.64077877,907.39499826
-702.66903814,907.61438229
-702.69738826,907.83321218
-702.72676610,908.05182984
-702.75605953,908.27033569
-702.78518096,908.48895091
-702.81439103,908.70723397
-702.84377308,908.92540766
-702.87315935,909.14313739
-702.90271761,909.36075776
-702.93219251,909.57815533
-702.96175604,909.79522074
-702.99166249,910.01217841
-703.02157105,910.22891410
-703.05139520,910.44553798
-703.08130692,910.66194069
-703.11087993,910.87800719
-703.14054262,911.09363053
-703.17020637,911.30914289
-703.19978571,911.52454344
-703.22953492,911.74005661
-703.25937276,911.95523761
-703.28929607,912.17041943
-703.31930906,912.38515810
-703.34940963,912.59967560
-703.37951336,912.81386012
-703.40970361,913.02793447
-703.43989703,913.24167585
-703.46939826,913.45629866
-703.49890160,913.67069948
-703.52849251,913.88487914
-703.55799901,914.09894699
-703.59205957,914.31050510
-703.62612434,914.52161924
-703.66036217,914.73251303
-703.69460315,914.94307385
-703.72884835,915.15319070
-703.76292472,915.36308395
-703.79683437,915.57253161
-703.83057730,915.78153368
-703.86415773,915.98964621
-703.89766324,916.19664801
-703.93100940,916.40242730
-703.96411182,916.60687225
-703.99714143,916.80998451
-704.02957908,917.01242514
-704.06177088,917.21375342
-704.09363345,917.41374657
-704.12550552,917.61274080
-704.15721825,917.81051250
-704.19865986,918.07286810
-704.24149005,918.33301688
-704.28708369,918.59019490
-704.32927020,918.84611954
-704.37121719,919.10026588
-704.41609645,919.35166507
-704.45817108,919.60137260
-704.50611343,919.84525285
-704.56121290,920.08254106
-704.60747963,920.32285336
-704.65358703,920.56194314
-704.70582382,920.79465311
-704.75181089,921.02841371
-704.79747191,921.26050620
-704.84934674,921.48633069
-704.89435565,921.71508696
-704.93920733,921.94239873
-704.98958275,922.16410194
-705.03541043,922.38764895
-705.08116635,922.60975228
-705.13253148,922.82624786
-705.17721427,923.04434496
-705.21938365,923.25709014
-705.26428586,923.46109223
-705.30563641,923.67005561
-705.34656912,923.87801600
-705.38962688,924.07822654
-705.42849881,924.27817530
-705.46721247,924.47679054
-705.51564115,924.71445938
-705.56350108,924.94901479
-705.61104660,925.18967225
-705.65844119,925.41922820
-705.70567643,925.64756163
-705.75252234,925.88088639
-705.80229732,926.10280591
-705.85415727,926.32119322
-705.90204352,926.54398280
-705.96160187,926.75278619
-706.02410832,926.95717757
-706.07938588,927.16671729
-706.14483300,927.35848253
-706.20918380,927.54868334
-706.26190677,927.74820872
-706.33527193,927.97024140
-706.40695409,928.18948308
-706.47704715,928.40504663
-706.54907114,928.61530049
-706.61830210,928.82264180
-706.68534253,929.02663226
-706.75347185,929.22397303
-706.82198628,929.41676642
-706.88925983,929.60521900
-706.96778779,929.81464666
-707.03304396,930.02650123
-707.09871372,930.23081168
-707.17145719,930.41931624
-707.23929852,930.63796642
-707.31443934,930.83504082
-707.39243127,931.04690541
-707.46540797,931.24684527
-707.53335045,931.43685822
-707.60495122,931.63767300
-707.68334297,931.83444530
-707.75627320,932.03027768
-707.83252930,932.22691868
-707.90358029,932.42262222
