-726.60928430,936.46389187
-726.34966280,935.98167877
-726.31852050,935.76892727
-726.28762826,935.55684415
-726.25682150,935.34476184
-726.22636715,935.13157287
-726.19566167,934.91782651
-726.16488127,934.70296943
-726.13343401,934.48633001
-726.10097801,934.26790498
-726.06777600,934.04703084
-726.03502560,933.82360798
-726.00221399,933.59763152
-725.96925993,933.36865668
-725.93676064,933.13680015
-725.90376858,932.90282992
-725.86976250,932.66762904
-725.83440054,932.43119426
-725.80484097,932.23177790
-725.77547237,932.03025434
-725.74560363,931.82739401
-725.71583512,931.62298063
-725.68626391,931.41579411
-725.65602796,931.20660325
-725.62590278,930.99474942
-725.59545156,930.78122748
-725.56381750,930.56625130
-725.53194286,930.34960781
-725.50043752,930.13008181
-725.46835605,929.90821933
-725.43586834,929.68413296
-725.40314217,929.45815732
-725.36967315,929.22939960
-725.33596565,928.99875259
-725.30252933,928.76655415
-725.26869205,928.53157689
-725.23461417,928.29493232
-725.20038119,928.05662127
-725.16599731,927.81619977
-725.13145094,927.57488872
-725.09667136,927.33113344
-725.06157418,927.08482211
-725.03337255,926.88641767
-725.00441753,926.68634106
-724.97530213,926.48515291
-724.94559794,926.28296016
-724.91453998,926.07931153
-724.88392413,925.87411310
-724.85314788,925.66780313
-724.82153384,925.45970918
-724.79087471,925.25007031
-724.76031159,925.03932233
-724.72763815,924.82577928
-724.69625094,924.61180446
-724.66522038,924.39627901
-724.63318846,924.17819102
-724.60150368,923.95955133
-724.56966379,923.73924516
-724.53682361,923.51626546
-724.50424298,923.29295523
-724.47089421,923.06952669
-724.43601860,922.84486263
-724.40226991,922.61854427
-724.36844523,922.39122619
-724.33395791,922.16168179
-724.30120422,921.92960085
-724.26820360,921.69651856
-724.23496874,921.46110302
-724.20122423,921.22534964
-724.16740586,920.98837455
-724.13370354,920.74818153
-724.09923518,920.50764824
-724.06401131,920.26566475
-724.02830312,920.02067965
-723.99191118,919.77568804
-723.95493257,919.52946985
-723.91764478,919.27980769
-723.88010270,919.02992112
-723.84265874,918.77870347
-723.80670466,918.52361496
-723.77014597,918.26918670
-723.73299849,918.01375384
-723.69571067,917.75510062
-723.65756184,917.49710523
-723.61908168,917.23799668
-723.57941446,916.97787784
-723.54001418,916.71665153
-723.50070993,916.45431612
-723.47122303,916.25623248
-723.44182898,916.05737271
-723.41227242,915.85762339
-723.38263779,915.65709632
-723.35266761,915.45590006
-723.32365235,915.25315887
-723.29463392,915.05075065
-723.26545088,914.84767486
-723.23610640,914.64359852
-723.20642637,914.43885300
-723.17726654,914.23333541
-723.14802650,914.02726206
-723.11853640,913.82052032
-723.08905895,913.61244670
-723.05967118,913.40392993
-723.03029291,913.19441424
-723.00083655,912.98412080
-722.97121665,912.77304880
-722.94134771,912.56119743
-722.91122659,912.34889967
-722.88128801,912.13538262
-722.85187173,911.92087154
-722.82194686,911.70591162
-722.79220137,911.49006539
-722.76212033,911.27354998
-722.73153491,911.05614176
-722.70155516,910.83796230
-722.67141291,910.61889328
-722.64127698,910.39915832
-722.61097540,910.17886679
-722.58076560,909.95791012
-722.55047772,909.73617570
-722.52002418,909.51388471
-722.48949150,909.29092695
-722.45862222,909.06741100
-722.42750286,908.84322666
-722.39654810,908.61970990
-722.36525675,908.39563493
-722.33397383,908.17067203
-722.30244189,907.94492976
-722.27065776,907.71874110
-722.23871008,907.49177387
-722.20676662,907.26436268
-722.17517979,907.03540087
-722.14368582,906.80566294
-722.11219606,906.57548105
-722.08071369,906.34452222
-722.04906565,906.11300681
-722.01716648,905.88093401
-721.98433560,905.64796435
-721.95116811,905.41443649
-721.91766192,905.18057240
-721.88399428,904.94570777
-721.84946668,904.71138998
-721.81520287,904.47629769
-721.78163441,904.23999100
-721.74712579,904.00367537
-721.71253909,903.76658199
-721.67812965,903.52882430
-721.64355560,903.29039904
-721.60916092,903.05108747
-721.57460058,902.81121933
-721.53978911,902.57079380
-721.50498291,902.32981331
-721.47018092,902.08838886
-721.43529769,901.84651964
-721.40068141,901.60354294
-721.36589840,901.36012066
-721.33069333,901.11613937
-721.29617095,900.87227556
-721.26156942,900.62774500
-721.22731715,900.38244074
-721.19324109,900.13658317
-721.15840214,899.89005233
-721.12322132,899.64351825
-721.08778830,899.39653777
-721.05218541,899.14944467
-721.01649704,898.90235077
-720.98064301,898.65470028
-720.94487972,898.40649565
-720.90904045,898.15729129
-720.87312204,897.90742018
-720.83729331,897.65710592
-720.80180540,897.40690590
-720.76615394,897.15592731
-720.73025028,896.90450233
-720.69435085,896.65263339
-720.65828575,896.40020786
-720.62248232,896.14722982
-720.58668312,895.89380782
-720.55088285,895.64049681
-720.51500134,895.38674102
-720.47912087,895.13287425
-720.44324357,894.87867450
-720.40736943,894.62414178
-720.37132646,894.36938545
-720.33469154,894.11395749
-720.29788884,893.85819494
-720.26091732,893.60220878
-720.22395317,893.34544569
-720.18690672,893.08834881
-720.14977902,892.83080715
-720.11282647,892.57282316
-720.07639411,892.31406711
-720.04039648,892.05453819
-720.00431548,891.79478647
-719.96798230,891.53458835
-719.93148029,891.27416662
-719.89472503,891.01340949
-719.85702434,890.75319838
-719.81941334,890.49254411
-719.78189202,890.23144670
-719.74463027,889.97001875
-719.70840364,889.70760163
-719.67234793,889.44518613
-719.63663199,889.18299587
-719.60083058,888.92080479
-719.56503021,888.65850273
-719.52914754,888.39586688
-719.49335245,888.13300986
-719.45764810,887.86959870
-719.42228983,887.60574683
-719.38701809,887.34178477
-719.35064159,887.07714622
-719.31452148,886.81251010
-719.27840349,886.54765200
-719.24237201,886.28268373
-719.20651041,886.01782806
-719.17099491,885.75253169
-719.13564822,885.48745892
-719.10108130,885.22128355
-719.06694172,884.95511225
-719.03280530,884.68860797
-718.99892951,884.42166217
-718.96531222,884.15449682
-718.93178357,883.88699932
-718.89841846,883.62028037
-718.86480222,883.35300404
-718.83093591,883.08505932
-718.79707275,882.81678163
-718.76414975,882.54851288
-718.73182396,882.28036080
-718.69924916,882.01142935
-718.66727579,881.74217062
-718.63573293,881.47258297
-718.60446440,881.20111092
-718.57319060,880.93019383
-718.54106844,880.65860267
-718.50860334,880.38711924
-718.47673547,880.11575250
-718.44564314,879.84372712
-718.41455292,879.57147976
-718.38227458,879.29833311
-718.35008381,879.02496528
-718.31798484,878.75093232
-718.28580672,878.47623261
-718.25353997,878.20186505
-718.22144626,877.92727714
-718.18969865,877.65224852
-718.15864427,877.37622748
-718.12768169,877.09954130
-718.09680668,876.82263396
-718.06584831,876.54550382
-718.03506404,876.26804234
-718.00420063,875.98991410
-717.97351027,875.71156550
-717.94291064,875.43266277
-717.91231734,875.15309408
-717.88181161,874.87330423
-717.85173428,874.59340745
-717.82131930,874.31306346
-717.79090852,874.03227550
-717.76067185,873.75115620
-717.73069475,873.46970636
-717.70097721,873.18792599
-717.67160366,872.90592689
-717.64283154,872.62360050
-717.61432005,872.34083258
-717.58572625,872.05773088
-717.55704910,871.77440638
-717.52811869,871.49074648
-717.49936239,871.20675523
-717.47052483,870.92231920
-717.44143615,870.63732579
-717.41243609,870.35200021
-717.38369454,870.06645509
-717.35495405,869.78079898
-717.32655648,869.49503513
-717.29842270,869.20849678
-717.27054954,868.92151690
-717.24284943,868.63431667
-717.21549435,868.34678672
-717.18857084,868.05881686
-717.16190056,867.77118241
-717.13540438,867.48321662
-717.10908230,867.19491947
-717.08250276,866.90673088
-717.05592427,866.61843131
-717.02918012,866.32957515
-717.00244018,866.04027503
-716.97587329,865.75075455
-716.94939713,865.46067994
-716.92309191,865.17060694
-716.89721509,864.88042702
-716.87177089,864.58969621
-716.84667277,864.29852468
-716.82165906,864.00746495
-716.79680997,863.71707280
-716.77170130,863.42701118
-716.74643223,863.13583803
-716.72209594,862.84545075
-716.69794324,862.55373320
-716.67345288,862.26156845
-716.64930334,861.96951793
-716.62542286,861.67613796
-716.60137039,861.38286736
-716.57733268,861.08804289
-716.55296364,860.79210526
-716.52893437,860.49639286
-716.50533982,860.19990759
-716.48191515,859.90353493
-716.45805997,859.60749119
-716.43429764,859.31067132
-716.41061551,859.01440722
-716.38736282,858.71792520
-716.36453853,858.42133625
-716.34239272,858.12530875
-716.32032815,857.82972602
-716.29827307,857.53314438
-716.27613569,857.23622896
-716.25485826,856.93876671
-716.23367685,856.64019536
-716.21292173,856.34173906
-716.19969030,856.14203394
-716.17911244,855.84291333
-716.16571111,855.64309559
-716.15085471,855.44348603
-716.13668628,855.24343901
-716.12268351,855.04394856
-716.10722883,854.84433332
-716.09289578,854.64361873
-716.07872524,854.44379368
-716.06352801,854.24406989
-716.04996208,854.04358459
-716.03656391,853.84343388
-716.01633318,853.54376156
-715.99627234,853.24420186
-715.97629696,852.94464296
-715.95623716,852.64497227
-715.93583655,852.34518733
-715.91568917,852.04573781
-715.89588472,851.74618054
-715.87659203,851.44673914
-715.85704820,851.14674035
-715.83767531,850.84674318
-715.82435733,850.64714825
-715.81172731,850.44711584
-715.79893058,850.24663785
-715.77955452,849.94697366
-715.76043908,849.64686794
-715.74175626,849.34621133
-715.72929295,849.14662451
-715.71812118,848.94605097
-715.70661174,848.74503021
-715.69474883,848.54522710
-715.68357916,848.34443157
-715.67189351,848.14396414
-715.66003059,847.94416104
-715.64851166,847.74413919
-715.63656433,847.54422428
-715.61940833,847.24480319
-715.60207718,846.94582443
-715.58474180,846.64728964
-715.56740537,846.34886584
-715.55058174,846.05044692
-715.53401663,845.75180844
-715.51830516,845.45328909
-715.50259790,845.15432577
-715.48706369,844.85514209
-715.47179115,844.55540589
-715.46138225,844.35550560
-715.45131733,844.15538658
-715.44142546,843.95504720
-715.43093530,843.75470214
-715.42095585,843.55458393
-715.41089198,843.35435392
-715.40057276,843.15401048
-715.39068088,842.95367110
-715.38078690,842.75355370
-715.37046557,842.55343224
-715.36039958,842.35342421
-715.35136239,842.15309296
-715.34112442,841.95319430
-715.33251352,841.75297809
-715.32381820,841.55265008
-715.31051144,841.25293257
-715.29754338,840.95355128
-715.28466079,840.65417081
-715.27177714,840.35490132
-715.25932084,840.05563589
-715.24661130,839.75603506
-715.23399144,839.45599108
-715.22154673,839.15550475
-715.20927297,838.85502006
-715.19717225,838.55431500
-715.18473387,838.25316273
-715.17620632,838.05316933
-715.16812509,837.85118215
-715.15986344,837.65019226
-715.15133694,837.45008786
-715.14402177,837.24844096
-715.13626976,837.04778892
-715.12842912,836.84746904
-715.12110551,836.64671006
-715.11360885,836.44617145
-715.10576504,836.24618454
-715.09835280,836.04575773
-715.09085298,835.84555209
-715.07960271,835.54529912
-715.06826487,835.24526732
-715.05667378,834.94490011
-715.04550898,834.64464796
-715.03843334,834.44477935
-715.03119519,834.24402119
-715.02378399,834.04348339
-715.01636858,833.84338955
-715.00887297,833.64273995
-715.00120431,833.44231070
-714.99370342,833.24221605
-714.98604109,833.04112086
-714.97862884,832.84069405
-714.97121659,832.64026724
-714.96415254,832.43917773
-714.95708532,832.23842120
-714.95018799,832.03777728
-714.94337929,831.83680120
-714.93657059,831.63582513
-714.92967326,831.43518121
-714.92277592,831.23453729
-714.91596722,831.03356121
-714.90915219,830.83325108
-714.90242685,830.63249780
-714.89570045,830.43185550
-714.88914077,830.23165880
-714.88224554,830.03079290
-714.87551915,829.83015061
-714.86913462,829.62951156
-714.86249685,829.42853711
-714.85586014,829.22745167
-714.84964972,829.02648127
-714.84335699,828.82517710
-714.83706637,828.62365094
-714.83102899,828.42246019
-714.82465607,828.22060025
-714.81819767,828.01873950
-714.81199463,827.81699217
-714.80553834,827.61490944
-714.79908417,827.41260472
-714.79305417,827.21063704
-714.78668441,827.00844413
-714.78031675,826.80602923
-714.77437117,826.60417335
-714.76851316,826.40209630
-714.76384645,826.20058558
-714.75841473,825.99862358
-714.75408989,825.79711611
-714.74967959,825.59560782
-714.74433439,825.39353565
-714.74010135,825.19136304
-714.73604241,824.98885909
-714.73052839,824.78656331
-714.72655492,824.58406016
-714.72241157,824.38144441
-714.71741246,824.17893152
-714.71361309,823.97609703
-714.70964384,823.77314992
-714.70490537,823.57019551
-714.70110600,823.36736102
-714.69791756,823.16320033
-714.69317909,822.96024591
-714.69016476,822.75575387
-714.68629469,822.55136470
-714.68198777,822.34797038
-714.67820528,822.14336004
-714.67450825,821.93875052
-714.67020344,821.73513422
-714.66642200,821.53041289
-714.66264056,821.32569156
-714.65825134,821.12196346
-714.65438231,820.91746329
-714.65034446,820.71273953
-714.64604071,820.50901224
-714.64234368,820.30440271
-714.63821825,820.09990011
-714.63417090,819.89617526
-714.63047492,819.69145474
-714.62617961,819.48683953
-714.62222089,819.28278252
-714.61809862,819.07794695
-714.61380436,818.87322075
-714.60984564,818.66916374
-714.60563896,818.46421636
-714.60151563,818.25949179
-714.59747356,818.05521198
-714.59369422,817.85026867
-714.58965847,817.64532292
-714.58596143,817.44071339
-714.58226967,817.23554891
-714.57849349,817.03027263
-714.57488403,816.82544194
-714.57102344,816.62005385
-714.56760074,816.41355992
-714.56382245,816.20850562
-714.56023198,816.00167709
-714.55646951,815.79495792
-714.55243903,815.58945722
-714.54885383,815.38207374
-714.54509241,815.17524359
-714.54115057,814.96941073
-714.53756325,814.76224923
-714.53405825,814.55542151
-714.53045933,814.34948091
-714.52730147,814.14210149
-714.52361709,813.93616007
-714.52036216,813.73000074
-714.51685398,813.52350600
-714.51334264,813.31734422
-714.51017318,813.11118570
-714.50674942,812.90480276
-714.50315261,812.69864018
-714.49998526,812.49225967
-714.49647919,812.28554295
-714.49296785,812.07938118
-714.48971713,811.87277788
-714.48604118,811.66594854
-714.48253300,811.45945380
-714.47928229,811.25285050
-714.47586274,811.04602360
-714.47183120,810.84063389
-714.46875248,810.63392123
-714.46489504,810.42820017
-714.46112307,810.22247993
-714.45830391,810.01543673
-714.45470499,809.80949613
-714.45119154,809.60355634
-714.44854226,809.39662576
-714.44469431,809.18990579
-714.44118719,808.98330005
-714.43811373,808.77603244
-714.43426895,808.56897949
-714.43042205,808.36214853
-714.42726735,808.15443614
-714.42333920,807.94716040
-714.41897632,807.74065754
-714.41573615,807.53294434
-714.41145979,807.32633129
-714.40726996,807.11960807
-714.40419967,806.91200749
-714.40026730,806.70517571
-714.39650693,806.49823457
-714.39369515,806.29041444
-714.39019224,806.08336474
-714.38677374,805.87642685
-714.38438931,805.66861078
-714.38097397,805.46133992
-714.37781293,805.25429347
-714.37543166,805.04614443
-714.37210602,804.83843042
-714.36946729,804.63038993
-714.36700371,804.42190710
-714.36386166,804.21286282
-714.36096863,804.00459792
-714.35850717,803.79589311
-714.35561308,803.58773919
-714.35263458,803.37947347
-714.35051499,803.17077192
-714.34778868,802.96295260
-714.34506764,802.75457832
-714.34319813,802.54654515
-714.34047182,802.33872583
-714.33791750,802.13079714
-714.33613240,801.92287577
-714.33374797,801.71505970
-714.33136142,801.50746561
-714.32974621,801.29965685
-714.32787775,801.09151268
-714.32583203,800.88403284
-714.32447638,800.67589354
-714.32261215,800.46730541
-714.32074369,800.25916124
-714.31964656,800.05080240
-714.31820440,799.84277329
-714.31633910,799.63429615
-714.31515440,799.42615848
-714.31285226,799.21867620
-714.31038446,799.01063733
-714.30902460,798.80294200
-714.30655152,798.59545809
-714.30449947,798.38864419
-714.30322191,798.18128264
-714.30151384,797.97425001
-714.30005796,797.76766377
-714.29946416,797.56030873
-714.29834382,797.35439168
-714.29704622,797.14913896
-714.29696734,796.94156680
-714.29541966,796.73564570
-714.29395218,796.53028036
-714.29336048,796.32270334
-714.29216945,796.11523161
-714.29114513,795.90820547
-714.29038355,795.70051583
-714.28936028,795.49337870
-714.28833913,795.28601959
-714.28774638,795.07855356
-714.28672101,794.87163841
-714.28578427,794.66439110
-714.28501846,794.45714542
-714.28467790,794.25012578
-714.28442492,794.04288498
-714.28374037,793.83608407
-714.28331222,793.62928560
-714.28237126,793.42248226
-714.28202753,793.21579559
-714.28134614,793.00866172
-714.28082937,792.80219541
-714.28074310,792.59540019
-714.28014507,792.38848910
-714.27946052,792.18168820
-714.27919698,791.97555730
-714.27859368,791.76920117
-714.27731295,791.56217260
-714.27713172,791.35637548
-714.27593118,791.14990268
-714.27473276,790.94320789
-714.27454836,790.73774375
-714.27343224,790.53138274
-714.27239315,790.32591048
-714.27237548,790.12089192
-714.27202120,789.91531516
-714.27209110,789.71007544
-714.27327422,789.50462429
-714.27420409,789.29883774
-714.27487333,789.09349271
-714.27631391,788.88793301
-714.27655370,788.68280590
-714.27670801,788.47767798
-714.27703011,788.27288465
-714.27572617,788.06829788
-714.27467653,787.86393552
-714.27362267,787.66001713
-714.27239892,787.45598612
-714.27151495,787.25218034
-714.27157008,787.04849449
-714.27230475,786.84525910
-714.27286849,786.64202208
-714.27436817,786.43923796
-714.27535608,786.23633798
-714.27608548,786.03365754
-714.27741211,785.83109377
-714.27762447,785.62885243
-714.27758253,785.42638666
-714.27805130,785.22414775
-714.27783525,785.02201333
-714.27761605,784.82021188
-714.27799407,784.61852711
-714.27777592,784.41661467
-714.27763902,784.21514701
-714.27801493,784.01368422
-714.27847526,783.81233324
-714.27919095,783.61109568
-714.28007862,783.40974875
-714.28113724,783.20840345
-714.28202281,783.00727851
-714.28316478,782.80615600
-714.28430360,782.60536647
-714.28552893,782.40446676
-714.28683763,782.20378984
-714.28805769,782.00344508
-714.28927775,781.80310032
-714.29041023,781.60297673
-714.29248988,781.30318347
-714.29481960,781.00405859
-714.29731499,780.70549029
-714.29989164,780.40736676
-714.30229101,780.10990755
-714.30468827,779.81267033
-714.30682385,779.51598562
-714.30878428,779.21974325
-714.31082806,778.92372367
-714.31278321,778.62803626
-714.31482488,778.33223866
-714.31669245,778.03677242
-714.31898842,777.74119924
-714.32128333,777.44573706
-714.32365950,777.15071965
-714.32620344,776.85603683
-714.32840129,776.56179474
-714.33033745,776.26810515
-714.33209740,775.97496890
-714.33402723,775.68194527
-714.33621030,775.38925704
-714.33864662,775.09690422
-714.34107767,774.80510635
-714.34359102,774.51364227
-714.34610016,774.22262215
-714.34843519,773.93193339
-714.35068158,773.64157678
-714.35310208,773.35088882
-714.35577583,773.06053627
-714.35879039,772.77029796
-714.36163297,772.48016902
-714.36429933,772.19059341
-714.36696568,771.90101779
-714.36954341,771.61177434
-714.37194387,771.32319521
-714.37565063,771.03207547
-714.37960853,770.74151313
-714.38372893,770.45184033
-714.38792952,770.16272330
-714.39203937,769.87416041
-714.39631594,769.58604311
-714.40067587,769.29814861
-714.40573855,769.00826277
-714.41079806,768.71870990
-714.41542495,768.42970792
-714.41987562,768.14125927
-714.42406462,767.85336314
-714.42807845,767.56590935
-714.43217670,767.27856736
-714.43652608,766.99178276
-714.44087336,766.70522015
-714.44546965,766.41943690
-714.44998049,766.13365285
-714.45449026,765.84797978
-714.45891035,765.56274986
-714.46306981,765.27796147
-714.46713958,764.99361624
-714.47120302,764.70993694
-714.47440544,764.42691547
-714.47751711,764.14444814
-714.48037026,763.86220036
-714.48279184,763.58039247
-714.48581066,763.29870127
-714.48951324,763.01701656
-714.49312402,762.73599698
-714.49664616,762.45530957
-714.50007651,762.17528728
-714.50324412,761.89592851
-714.50589152,761.61734179
-714.50810525,761.33941696
-714.50997394,761.06182185
-714.51183524,760.78500368
-714.51446155,760.50863678
-714.51785181,760.23283215
-714.52201447,759.95670185
-714.52344842,759.67987961
-714.52488132,759.40316837
-714.52614327,759.12645550
-714.52372159,758.85059564
-714.52112580,758.57506712
-714.51844243,758.29975977
-714.51567149,758.02467359
-714.51280979,757.75014155
-714.51020135,757.47594492
-714.50784087,757.20263866
-714.50625173,756.92911772
-714.50500025,756.65604399
-714.50604064,756.38465706
-714.50725407,756.11304977
-714.50846118,755.84210842
-714.50975270,755.57127887
-714.51121305,755.30067294
-714.51266918,755.03051096
-714.51403773,754.76057015
-714.51531765,754.49096151
-714.51642347,754.22168421
-714.51761370,753.95251871
-714.51920174,753.68646502
-714.52078662,753.42074430
-714.52254139,753.15513619
-714.52437635,752.89008385
-714.52637697,752.62558809
-714.52837444,752.36142530
-714.53053862,752.09770809
-714.53252976,751.83421125
-714.53700057,751.57062697
-714.54129623,751.30748503
-714.54550009,751.04500821
-714.55092479,750.77998999
-714.55634210,750.51574870
-714.56158004,750.25239371
-714.56664071,749.98970304
-714.57143653,749.72789786
-714.57596855,749.46686717
-714.58015132,749.20661018
-714.58654470,748.94759520
-714.59285050,748.68880139
-714.59915208,748.43045154
-714.60536187,748.17276682
-714.61148197,747.91552526
-714.61742901,747.65850405
-714.62328531,747.40203698
-714.62997206,747.14813082
-714.63622829,746.89455358
-714.64248135,746.64130931
-714.64874180,746.38728810
-714.65499487,746.13404382
-714.66115719,745.88135369
-714.66705783,745.62921607
-714.67278226,745.37763179
-714.67867551,745.12627111
-714.68473443,744.87546701
-714.69215033,744.62578581
-714.69913466,744.37654451
-714.70611371,744.12785817
-714.71163450,743.87971297
-714.71680708,743.63223047
-714.72146262,743.38518705
-714.72203459,743.13610682
-714.72268992,742.88724939
-714.72324922,742.63950104
-714.72405967,742.39231009
-714.72838599,742.14393154
-714.73279250,741.89610875
-714.73702597,741.64850633
-714.74142616,741.40134949
-714.74582001,741.15485860
-714.75003766,740.90892103
-714.75365279,740.66342174
-714.75691972,740.41858515
-714.76026684,740.17430432
-714.76335439,739.93035403
-714.76626467,739.68706806
-714.76899663,739.44455740
-714.77172331,739.20260169
-714.77444472,738.96120094
-714.77733179,738.72035677
-714.78030223,738.47973539
-714.78034137,738.24175017
-714.78054618,738.00432153
-714.78074993,737.76700387
-714.78069094,737.53034973
-714.78062773,737.29413955
-714.78038831,737.05848270
-714.78005920,736.82326900
-714.77972587,736.58849927
-714.77973126,736.35406575
-714.77982000,736.11985503
-714.77990137,735.88642124
-714.78023703,735.65321187
-714.78056848,735.42044647
-714.77702634,735.19053027
-714.77331116,734.96083444
-714.76959176,734.73158256
-714.76612666,734.50255510
-714.76471600,734.27321416
-714.76338870,734.04409602
-714.76222708,733.81553445
-714.76123217,733.58741848
-714.76023409,733.35963547
-714.75931833,733.13218625
-714.75848170,732.90540378
-714.76163791,732.68121228
-714.76453349,732.45746230
-714.76742697,732.23393431
-714.76789774,732.01349131
-714.76861965,731.79360570
-714.77197215,731.57574311
-714.77523602,731.35821267
-714.77832684,731.14090259
-714.78141449,730.92392549
-714.78433120,730.70694675
-714.78715823,730.49041117
-714.78998525,730.27387559
-714.79289563,730.05756281
-714.79843555,729.84338402
-714.80388894,729.62931542
-714.80558059,729.41532207
-714.80701162,729.20177024
-714.80826854,728.98854976
-714.80952440,728.77544028
-714.81086151,728.56277556
-714.81288028,728.35033933
-714.81481041,728.13823526
-714.81665402,727.92624136
-714.81593141,727.71444508
-714.81529216,727.50287160
-714.81473627,727.29152091
-714.81649019,727.07997016
-714.81815653,726.86864059
-714.81964770,726.65775335
-714.82096372,726.44730846
-714.82235888,726.23753032
-714.82392287,726.02797578
-714.82574116,725.81864566
-714.82764176,725.60964933
-714.82936720,725.40109534
-714.83091959,725.19276170
-714.83272311,724.98498546
-714.83460789,724.77765399
-714.83606109,724.57076242
-714.83742567,724.36420301
-714.83852961,724.15808512
-714.83962827,723.95252219
-714.84055284,723.74729061
-714.84007824,723.54537576
-714.83968805,723.34357271
-714.83946458,723.14221524
-714.83932342,722.94119156
-714.83918015,722.74038986
-714.83920466,722.53992276
-714.83948241,722.33979107
-714.83950982,722.07605357
-714.84024737,721.80954781
-714.84080659,721.54381735
-714.84073271,721.28174390
-714.83963213,721.01977170
-714.83852628,720.75835445
-714.83565934,720.50235950
-714.83110409,720.24412850
-714.82680420,719.98601091
-714.81569625,719.73371168
-714.80977242,719.47557867
-714.80401953,719.21744728
-714.79189226,718.96447235
-714.78621851,718.70700772
-714.78054371,718.44965408
-714.76731587,718.19555869
-714.76138993,717.93764766
-714.75920464,717.68188120
-714.75448902,717.43152972
-714.75230056,717.17609622
-714.74985253,716.92099326
-714.74505039,716.67075196
-714.74510209,716.41345274
-714.74421573,716.15592261
-714.74459560,715.90006952
-714.74396142,715.64298578
-714.74434656,715.38657774
-714.74829403,715.13308956
-714.75216131,714.87904562
-714.75619741,714.62522529
-714.76098588,714.37318812
-714.76356582,714.11968695
-714.76478035,713.86595081
-714.76384336,713.61374823
-714.76018292,713.36029876
-714.75617637,713.10729000
-714.75378322,712.85540659
-714.75570366,712.59934613
-714.75967750,712.34308319
-714.76742469,712.08552410
-714.77369146,711.83083696
-714.77799136,711.57624213
-714.78110311,711.32074801
-714.78239678,711.06767862
-714.78591163,710.81474134
-714.79165925,710.56071527
-714.79388466,710.30854274
-714.79609740,710.05770211
-714.79700911,709.80884712
-714.79543796,709.56041254
-714.79377923,709.31219913
-714.79158974,709.06586768
-714.79034993,708.81854626
-714.78885264,708.57133339
-714.78657347,708.32544510
-714.78507302,708.07856520
-714.78365593,707.83190810
-714.78179988,707.58646783
-714.78063077,707.34070109
-714.77928860,707.09515471
-714.77216613,706.85521443
-714.77121756,706.61322381
-714.77052435,706.37134662
-714.76962855,706.13279753
-714.76868104,705.89069592
-714.76756153,705.64870367
-714.76615713,705.40970574
-714.76238065,705.16846525
-714.75826124,704.92733251
-714.75529622,704.69065076
-714.75423581,704.45143410
-714.75351940,704.21199870
-714.75396054,703.97668134
-714.75366831,703.73758297
-714.75345733,703.49892939
-714.74969249,703.26545906
-714.74750620,703.02778571
-714.74497802,702.79010911
-714.74087974,702.55574761
-714.73655879,702.31783197
-714.73240984,702.07980697
-714.72635733,701.84420589
-714.72315172,701.60585685
-714.72002947,701.36773060
-714.71483905,701.13136071
-714.71137069,700.89367518
-714.70773034,700.65609901
-714.70228140,700.41994867
-714.69906629,700.18259854
-714.69584697,699.94569238
-714.69201880,699.70989044
-714.68956659,699.47321357
-714.68804929,699.23710059
-714.68643281,699.00242967
-714.68490812,698.76709363
-714.68321250,698.53175595
-714.68107791,698.29763512
-714.67895072,698.06273735
-714.67682141,697.82806156
-714.67195071,697.59402573
-714.66725623,697.35943656
-714.66264511,697.12507019
-714.65529155,696.89145477
-714.65033644,696.65730713
-714.64546469,696.42338229
-714.63947655,696.19000184
-714.63562622,695.95653070
-714.62927721,695.72514484
-714.61974153,695.49628171
-714.61406995,695.26556829
-714.60856721,695.03507847
-714.60039695,694.80645032
-714.59772422,694.57498839
-714.59470645,694.34385619
-714.58953504,694.11447953
-714.58436995,693.88443692
-714.57928612,693.65483909
-714.57247811,693.42677889
-714.56730353,693.19773520
-714.56204137,692.96891269
-714.55548555,692.74129888
-714.55064968,692.51259142
-714.54589718,692.28410674
-714.54070467,692.05694990
-714.53688813,691.82891812
-714.53306842,691.60121932
-714.52898069,691.37473898
-714.52532559,691.14770774
-714.52175175,690.92112128
-714.51722718,690.69563580
-714.51288199,690.46926401
-714.50853574,690.24300322
-714.50384023,690.01751611
-714.49966281,689.79147892
-714.49557086,689.56544254
-714.49121196,689.34051363
-714.48711052,689.11547617
-714.48292150,688.89065988
-714.47837899,688.66706123
-714.47817861,688.44527986
-714.47754982,688.22360543
-714.48134019,688.00463700
-714.48335678,687.78343170
-714.48554114,687.56256100
-714.49316925,687.34451705
-714.49482286,687.12552831
-714.49612930,686.90709129
-714.50142756,686.69135621
-714.50151632,686.47512763
-714.50159982,686.25945400
-714.50550628,686.04625871
-714.50514555,685.83235687
-714.50469196,685.61923115
-714.50720874,685.40835368
-714.50664859,685.19744696
-714.50642610,684.98698746
-714.50755215,684.77853878
-714.50543242,684.56983726
-714.50381920,684.36180656
-714.50355451,684.15578668
-714.50132295,683.94985912
-714.49891412,683.74459587
-714.49836877,683.54112635
-714.49654241,683.33753365
-714.49496719,683.13449834
-714.49482704,682.93336368
-714.49331830,682.73232702
-714.49180218,682.53206729
-714.49083139,682.28341643
-714.48968438,682.03531889
-714.48741887,681.78798773
-714.48599014,681.54255154
-714.48429445,681.29822281
-714.47849300,681.05418808
-714.47242247,680.81148279
-714.46830934,680.56968411
-714.46538436,680.32878472
-714.46193495,680.08910136
-714.45796007,679.85074502
-714.45390920,679.61138895
-714.45020654,679.37137018
-714.44666322,679.13257394
-714.44342804,678.89733265
-714.44046719,678.66020695
-714.43792315,678.42419522
-714.43561022,678.19084970
-714.43287836,677.95661220
-714.42987954,677.72348216
-714.42830103,677.49380665
-714.42715410,677.26369124
-714.42539726,677.03479103
-714.42284799,676.80832532
-714.42141194,676.58164818
-714.41987460,676.35663509
-714.41848500,676.13406542
-714.41983046,675.91152174
-714.42064728,675.69063804
-714.41998684,675.47229333
-714.41932217,675.25439258
-714.41813519,675.03748587
-714.41530528,674.82256157
-714.41776190,674.60901950
-714.43186364,674.39336809
-714.43903698,674.17820584
-714.45640560,673.96058745
-714.46812572,673.73470134
-714.47350944,673.51896708
-714.48322366,673.29727993
-714.49113033,673.07690762
-714.49399427,672.86547844
-714.49801046,672.64973118
-714.49926733,672.43651072
-714.49831992,672.23037336
-714.49834328,672.02102621
-714.49869270,671.81334716
-714.49847024,671.61187872
-714.50057658,671.40821240
-714.50335192,671.20610644
-714.50545177,670.96714182
-714.50667899,670.73005593
-714.51323387,670.49002364
-714.51942473,670.25231890
-714.52366873,670.01259766
-714.53182963,669.77446764
-714.54330491,669.53836713
-714.55700243,669.30228774
-714.57309419,669.06612011
-714.58821308,668.83338424
-714.59963984,668.60238931
-714.60685849,668.37346340
-714.61053593,668.14838887
-714.61161759,667.92661969
-714.61267395,667.70751429
-714.61370077,667.49151662
-714.61435828,667.27840147
-714.60892522,667.06755946
-714.60381084,666.85916249
-714.59867325,666.65320732
-714.59368128,666.44991754
-714.58968966,666.24930129
-714.58791489,666.02228794
-714.59030498,665.79775617
-714.59827811,665.57039145
-714.60259079,665.35042898
-714.60644975,665.13323723
-714.61175855,664.91639225
-714.61393134,664.70573351
-714.61564934,664.49795647
-714.61637865,664.29527607
-714.61545648,664.06849282
-714.61723351,663.84550924
-714.61871616,663.62651889
-714.61853268,663.41195274
-714.61951203,663.20094966
-714.62011470,662.99360603
-714.61930870,662.79057804
-714.61844352,662.56679235
-714.61761423,662.34822403
-714.61793302,662.13477266
-714.61880370,661.92621056
-714.61928293,661.72286178
-714.61940437,661.50319249
-714.61749986,661.28983100
-714.61476600,661.08278866
-714.61239726,660.88229883
-714.61811970,660.66690080
-714.62320694,660.45538175
-714.61822969,660.24154705
-714.61337913,660.04136665
-714.60871529,659.83053195
-714.60531669,659.63047634
-714.60308721,659.42432680
-714.60234241,659.22385241
-714.59916854,659.01813790
-714.58928046,658.81735462
-714.58305705,658.60872511
-714.57201351,658.40360182
-714.55306129,658.20317641
-714.52452156,658.00421390
-714.55965457,657.81518052
-714.57618546,657.61376029
-714.58658564,657.40983978
-714.60927676,657.20781208
-714.63524743,657.00248552
-714.67753777,656.79786905
-714.72378198,656.59995020
-714.76550888,656.40065640
-714.79121365,656.19632633
-714.80228389,655.99385520
-714.80759488,655.79477036
-714.77749241,655.59834602
-714.74285681,655.40221161
-714.73579033,655.20134414
-714.76008959,655.00099673
-714.75957379,654.80341054
-714.90243105,654.65713710
-715.07084954,654.53752474
-715.20514597,654.38362191
-715.29226757,654.20174261
-715.30796275,653.99831642
-715.30968604,653.78998443
-715.30860251,653.58018276
-715.30667273,653.37847610
-715.30225903,653.17730084
-715.29798458,652.97046587
-715.30236381,652.76149311
-715.30585773,652.55573096
-715.30871426,652.33608767
-715.30823956,652.12518178
-715.30582114,651.90293534
-715.30414985,651.69201808
-715.30230126,651.47277408
-715.30175800,651.26908258
-715.30154921,651.05718021
-715.30090248,650.83739262
-715.30102073,650.60906525
-715.30049751,650.40326493
-715.30046388,650.19092022
-715.29953964,649.97335001
-715.29866392,649.75067424
-715.29861544,649.52190128
-715.29852052,649.28902085
-715.29881404,649.08722432
-715.29639464,648.88307099
-715.29470331,648.67426255
-715.29719580,648.45694682
-715.29997635,648.23630379
-715.30219340,648.01199239
-715.30351351,647.78312144
-715.30427857,647.54969418
-715.30508899,647.31149433
-715.30640606,647.10992952
-715.30673544,646.90435931
-715.30769054,646.69590902
-715.30747542,646.48467259
-715.30550021,646.26975642
-715.30432166,646.05196180
-715.30385535,645.83117692
-715.30325292,645.60672773
-715.30301767,645.37961801
-715.30306943,645.14929199
-715.30272969,644.91518823
-715.30318978,644.67787305
-715.30322357,644.44044282
-715.30252503,644.19912061
-715.29816389,643.95643158
-715.29340598,643.71051976
-715.29035664,643.50969047
-715.28749827,643.30675398
-715.28464940,643.10281857
-715.28278184,642.89456347
-715.28093433,642.68419954
-715.27992675,642.47539760
-715.27981081,642.26271910
-715.27954080,642.04826314
-715.27937102,641.83225411
-715.27805949,641.61046220
-715.27642085,641.38711317
-715.27481490,641.16032343
-715.27195641,640.93041376
-715.26954216,640.69873231
-715.26655808,640.46404842
-715.26486767,640.22815581
-715.26319203,639.99070934
-715.26035143,639.74992177
-715.25838137,639.50747747
-715.25651260,639.26336912
-715.25161432,639.01423695
-715.24664429,638.76366108
-715.24143050,638.51175089
-715.23342991,638.25626220
-715.22807892,638.00079868
-715.22333994,637.74389797
-715.21936177,637.48789250
-715.21711939,637.22912850
-715.21506482,636.96859028
-715.21268314,636.70649493
-715.21092190,636.44207447
-715.20883460,636.17598590
-715.20629701,635.97527248
-715.20308515,635.77355364
-715.19954406,635.57049966
-715.19618551,635.36622642
-715.19300740,635.16095588
-715.19026824,634.95446850
-715.18796277,634.74731924
-715.18600868,634.53917432
-715.18406408,634.33003047
-715.18229463,634.12044429
-715.18070563,633.90986082
-715.17912189,633.69872239
-715.17729335,633.48636063
-715.17521577,633.27321950
-715.17314769,633.05907945
-715.16772091,632.84757150
-715.16247562,632.63495527
-715.15741183,632.42123076
-715.15252741,632.20661995
-715.14748259,631.99089760
-715.14201991,631.77417228
-715.13613937,631.55644398
-715.13015121,631.34104567
-715.12477189,631.12454315
-715.11983153,630.90682378
-715.11515286,630.68855190
-715.11091103,630.46928516
-715.10675995,630.24946428
-715.10287161,630.02897990
-715.09840712,629.80615902
-715.09437526,629.58278725
-715.09026425,629.35874873
-715.08607305,629.13415444
-715.08180270,628.90889339
-715.07745216,628.68307658
-715.07336436,628.45659626
-715.06936730,628.22956180
-715.06546098,628.00197320
-715.06164647,627.77371946
-715.05775387,627.54468798
-715.05386759,627.31499056
-715.04998764,627.08462719
-715.04602961,626.85348607
-715.04224884,626.62168064
-715.03881629,626.38921251
-715.03445937,626.15507058
-715.03019320,625.92037451
-715.02610429,625.68501413
-715.02185078,625.44898617
-715.01760253,625.21240326
-715.01344608,624.97515522
-715.00946585,624.73735385
-715.00729423,624.49812666
-715.00504347,624.25823271
-715.00305439,624.01778625
-715.00098300,623.77700600
-714.99883142,623.53566998
-714.99668616,623.29366802
-714.99454618,623.05111111
-714.99249800,622.80788906
-714.99062498,622.56422468
-714.98875617,622.32011634
-714.98680612,622.07556321
-714.98494469,621.83067793
-714.98283002,621.58545724
-714.98063410,621.33979178
-714.97818598,621.09367992
-714.97548461,620.84723265
-714.97278851,620.60023042
-714.97017999,620.35300703
-714.96800305,620.10534373
-714.96583243,619.85701449
-714.96366604,619.60824129
-714.96133503,619.35880052
-714.95866846,619.10869055
-714.95515456,618.85779553
-714.95096216,618.60633906
-714.94685417,618.35499439
-714.94266283,618.10342693
-714.93889357,617.85241848
-714.93563608,617.60152590
-714.93374297,617.35097928
-714.93346432,617.10144701
-714.93344631,616.85147322
-714.93351271,616.60161123
-714.93263892,616.35174030
-714.92988793,616.10151854
-714.92610707,615.85173099
-714.92138707,615.60182351
-714.91203790,615.35331506
-714.90294409,615.10492003
-714.89496563,614.85609160
-714.88886964,614.60705906
-714.88474372,614.35760123
-714.88215523,614.10826902
-714.87990863,613.85894005
-714.87799336,613.61072424
-714.87556105,613.36294752
-714.87278263,613.11561151
-714.86948822,612.86860360
-714.86644494,612.62215309
-714.86314104,612.37614410
-714.85957544,612.13068762
-714.85609321,611.88545394
-714.85269329,611.64055405
-714.85271538,611.39535367
-714.85273642,611.15026428
-714.85267094,610.90528507
-714.85268776,610.66063964
-714.85270459,610.41599421
-714.85271719,610.17179275
-714.85272768,609.92781327
-714.85265060,609.68405496
-714.85274023,609.44074223
-714.85282776,609.19765149
-714.85308307,608.95489534
-714.85324868,608.71258234
-714.85366649,608.47071575
-714.85416766,608.22907194
-714.85475115,607.98776193
-714.85533146,607.74678488
-714.85835037,607.51004903
-714.86102529,607.27353192
-714.86327285,607.03701074
-714.86526188,606.80070912
-714.86707891,606.56451685
-714.86906479,606.32854819
-714.87121843,606.09291413
-714.87345544,605.85750287
-714.87552151,605.62208997
-714.87749789,605.38712023
-714.87921785,605.15214806
-714.88067823,604.91750641
-714.88213651,604.68308675
-714.88359583,604.44855610
-714.88487789,604.21468977
-714.88615678,603.98115641
-714.88803503,603.74751775
-714.89025411,603.51399332
-714.89055696,603.28422471
-714.89068780,603.05456547
-714.89073212,602.82501641
-714.89118165,602.59780221
-714.89163118,602.37058801
-714.89191082,602.14326120
-714.89210393,601.91604456
-714.89212611,601.68882630
-714.89206175,601.46171822
-714.89199634,601.23472113
-714.89192882,601.00794603
-714.89160488,600.78116848
-714.89093379,600.55494264
-714.89017511,600.32893797
-714.89018673,600.10282962
-714.89071224,599.87661515
-714.89669844,599.65145158
-714.90242717,599.42639656
-714.90772748,599.20144847
-714.91259938,598.97660731
-714.91721382,598.75187471
-714.92148425,598.52736084
-714.92601005,598.30296039
-714.93019291,598.07866769
-714.93412146,597.85415057
-714.93830642,597.62963589
-714.94240170,597.40556435
-714.94632498,597.18160219
-714.94990004,596.95830272
-714.95313322,596.73500000
-714.95636112,596.51225223
-714.95924502,596.28972320
-714.96169841,596.06752307
-714.96380780,595.84554168
-714.96591296,595.62400426
-714.96311035,595.39720316
-714.96047867,595.17040369
-714.95827330,594.94371927
-714.95684245,594.71648720
-714.95854874,594.49194897
-714.96016639,594.26774289
-714.96169540,594.04386898
-714.96253537,593.82054351
-714.96234124,593.59809623
-714.96129134,593.37575182
-714.96032585,593.15351921
-714.95893196,592.93139353
-714.95745575,592.70893407
-714.95623490,592.48658803
-714.95612413,592.26436355
-714.95738197,592.04204106
-714.95949663,591.81950472
-714.96187192,591.59652686
-714.96382196,591.37332295
-714.96466298,591.14988650
-714.96439814,590.92588453
-714.96336511,590.70176427
-714.96173483,590.47752733
-714.96010456,590.25329039
-714.95847428,590.02905346
-714.95718483,589.80493076
-714.95623727,589.58081131
-714.95563160,589.35669511
-714.95536676,589.13269315
-714.95501645,588.90869037
-714.95449625,588.68457498
-714.95397499,588.46057059
-714.95345479,588.23645520
-714.95344952,588.01212270
-714.95335879,587.78778939
-714.95991583,587.55652621
-714.96621539,587.32537158
-714.97200424,587.09399010
-714.98193690,586.86731002
-714.99135884,586.64040309
-715.00027006,586.41326931
-715.00883835,586.18624326
-715.01723990,585.95877163
-715.02563724,585.73174396
-715.03369585,585.50438008
-715.04140836,585.27745690
-715.04878109,585.05030850
-715.05563889,584.82337720
-715.06198385,584.59644103
-715.06790250,584.36938981
-715.07356369,584.14244714
-715.07352675,583.91245331
-715.07366180,583.68235011
-715.07388232,583.45224773
-715.07418832,583.22214615
-715.07688753,582.99206732
-715.07967537,582.76165633
-715.08280404,582.53135957
-715.08567841,582.30083840
-715.08846836,582.07020543
-715.09276305,581.84313878
-715.09680133,581.61606969
-715.10058214,581.38910916
-715.10402001,581.16225636
-715.10711493,580.93551131
-715.11292702,580.71067910
-715.11830965,580.48606480
-715.12276896,580.25966572
-715.12714385,580.03315483
-715.13126127,579.80675250
-715.13512227,579.58034773
-715.13880812,579.35438530
-715.14258049,579.12831269
-715.14643728,578.90235189
-715.15168904,578.67351832
-715.15659891,578.44468150
-715.16133467,578.21617604
-715.16581402,577.98766813
-715.17020684,577.75927040
-715.17433903,577.53131420
-715.17865904,577.30158378
-715.18246305,577.07218145
-715.18592412,576.84288686
-715.18921424,576.61359065
-715.19250226,576.38451643
-715.19578817,576.15566418
-715.19881238,575.92736445
-715.20175007,575.69917490
-715.20468566,575.47120733
-715.20795890,575.24368697
-715.21148963,575.01605805
-715.21485257,574.78809454
-715.21787256,574.56023878
-715.22046520,574.33237895
-715.22271596,574.10451587
-715.22719425,573.87611896
-715.23132855,573.64794078
-715.23511779,573.42009232
-715.24218134,573.18949996
-715.24898425,572.95934913
-715.25528066,572.72852748
-715.26166043,572.49792862
-715.26786609,572.26766111
-715.27355259,572.03805467
-715.27889299,571.80888895
-715.28397381,571.58005376
-715.28879399,571.35166009
-715.29335459,571.12359697
-715.29774109,570.89586519
-715.30204106,570.66824358
-715.30616797,570.44084234
-715.31012500,570.21332848
-715.31407886,569.98614759
-715.31786178,569.75896508
-715.32138512,569.53211311
-715.32490634,569.30548311
-715.32851199,569.07896492
-715.33211764,568.85244673
-715.33563781,568.62592772
-715.33872957,568.39951565
-715.34156386,568.17321213
-715.34413857,567.94723915
-715.34671433,567.72115517
-715.34920251,567.49529237
-715.35168964,567.26954055
-715.35400371,567.04400910
-715.35614473,566.81869800
-715.35811270,566.59360725
-715.36025056,566.36862912
-715.36255830,566.14376361
-715.36486605,565.91889810
-715.36300360,565.69210595
-715.36122450,565.46553659
-715.35935783,565.23918840
-715.35757242,565.01328498
-715.35587247,564.78738238
-715.35434030,564.56181438
-715.35272371,564.33613457
-715.35119260,564.11045557
-715.34983137,563.88488919
-715.34864004,563.65943542
-715.34761754,563.43420526
-715.34650640,563.20930726
-715.34547757,562.98474305
-715.34452894,562.76073460
-715.34366578,562.53672696
-715.34271398,562.31305148
-715.34108157,562.08903654
-715.33936475,561.86490979
-715.33823884,561.64156566
-715.33737040,561.41811297
-715.33735353,561.19500138
-715.33835809,560.97234350
-715.33953150,560.74990923
-715.34045270,560.52702855
-715.34196799,560.30459753
-715.34340097,560.08183272
-715.34432428,559.85873006
-715.34464507,559.63606568
-715.34351178,559.41349849
-715.34151955,559.19136714
-715.33978479,558.96912723
-715.33838981,558.74711255
-715.33810280,558.52544141
-715.33926776,558.30389506
-715.34060683,558.08201736
-715.34279641,557.86059175
-715.34507145,557.63916695
-715.34743091,557.41785396
-715.34961732,557.19676132
-715.35154625,556.97577723
-715.35321561,556.75512368
-715.35454308,556.53446689
-715.35552866,556.31380684
-715.35617235,556.09314355
-715.35664510,555.87247863
-715.35686248,555.65170028
-715.35759059,555.43114879
-715.35866058,555.21060054
-715.36007141,554.99016654
-715.36156455,554.77006632
-715.36322968,554.54985673
-715.36489166,554.32998012
-715.36646816,554.11010270
-715.36804466,553.89022527
-715.36962010,553.67045883
-715.37128102,553.45069321
-715.37251246,553.23114551
-715.37357086,553.01181816
-715.37471261,552.79271362
-715.37585332,552.57372005
-715.37716390,552.35483911
-715.37847555,552.13584717
-715.37987267,551.91685605
-715.38144073,551.69786655
-715.38283679,551.47898642
-715.38423180,551.26021727
-715.38571228,551.04144895
-715.38718959,550.82301359
-715.38849596,550.60457661
-715.39032466,550.38514558
-715.39215335,550.16571456
-715.39398099,549.94639452
-715.39580863,549.72707449
-715.39754763,549.50808661
-715.39928558,549.28920973
-715.40085048,549.07055320
-715.40241537,548.85189668
-715.40406469,548.63335195
-715.40571400,548.41480723
-715.40744879,548.19626332
-715.40901157,547.97782877
-715.41057330,547.75950522
-715.41213398,547.54129266
-715.41386665,547.32297073
-715.41559722,547.10487078
-715.41741115,546.88699363
-715.41913855,546.66922665
-715.42069290,546.45168003
-715.42190430,546.23424115
-715.42294265,546.01702264
-715.42406647,545.79980493
-715.42536335,545.58236687
-715.42683011,545.36504142
-715.42838129,545.14782777
-715.43010342,544.93061575
-715.43208196,544.71340616
-715.43414598,544.49619739
-715.43621105,544.27887763
-715.43793318,544.06166561
-715.43956877,543.84456376
-715.44043512,543.62745461
-715.44104400,543.41045401
-715.44165182,543.19356440
-715.44216996,542.97711795
-715.44286220,542.76034014
-715.44355127,542.54389531
-715.44441024,542.32756309
-715.44535362,542.11134268
-715.44779116,541.89080744
-715.45022660,541.67049417
-715.45240351,541.45040046
-715.45440736,541.23052710
-715.45623605,541.01109607
-715.45754874,540.79199315
-715.45894585,540.57300203
-715.46059727,540.35423533
-715.46207353,540.13591097
-715.46355400,539.91714264
-715.46528667,539.69882071
-715.46701934,539.48049878
-715.46892401,539.26206749
-715.47090888,539.04419197
-715.47281039,538.82609365
-715.47462115,538.60854947
-715.47557824,538.39088617
-715.47726340,538.16856777
-715.47868793,537.94669090
-715.48002277,537.72525717
-715.48144308,537.50382425
-715.48285496,537.28327927
-715.48434914,537.06306806
-715.48601005,536.84330245
-715.48808988,536.62442881
-715.49025519,536.40555600
-715.49258827,536.18701778
-715.49500472,535.96870235
-715.49733464,535.75049710
-715.49966245,535.53251383
-715.50198815,535.31475254
-715.50431280,535.09710225
-715.51706929,534.87910708
-715.52922642,534.66121721
-715.54185205,534.43900277
-715.55387409,534.21733760
-715.56563867,533.99578098
-715.57714155,533.77477688
-715.58589666,533.55507867
-715.59456103,533.33593461
-715.60330560,533.11734632
-715.61196259,532.89897919
-715.62044863,532.68061044
-715.62884498,532.46268484
-715.63715480,532.24486941
-715.64494652,532.02760407
-715.65222540,531.81033385
-715.65890387,531.59327994
-715.66532487,531.37633457
-715.67274512,531.15318266
-715.67990579,530.93036129
-715.68965806,530.70467852
-715.69948947,530.47966252
-715.70914361,530.25531083
-715.71844109,530.03250976
-715.72738930,529.81048238
-715.73633224,529.58900995
-715.74535433,529.36820428
-715.75394377,529.14794949
-715.76209637,528.92868957
-715.77024369,528.70998460
-715.77065630,528.49564616
-715.77115123,528.28164150
-715.77181288,528.06808243
-715.77272989,527.85463679
-715.77372922,527.64152493
-715.77464096,527.42863424
-715.77580911,527.21574599
-715.77469061,527.00061599
-715.77373883,526.78593159
-715.77286619,526.57191393
-715.77190387,526.35833943
-715.77110932,526.14509953
-715.77065456,525.93208485
-715.77028104,525.71951495
-715.77007531,525.50727965
-715.77029483,525.29527039
-715.77093961,525.08348717
-715.77183974,524.87181738
-715.77290872,524.66037120
-715.77406210,524.44903682
-715.77504138,524.23803378
-715.77570936,524.02380877
-715.77629081,523.80969393
-715.77670131,523.59557748
-715.77728171,523.38157363
-715.77726696,523.16723113
-715.77716779,522.95277683
-715.77706968,522.73821154
-715.77697156,522.52364624
-715.77704439,522.30908257
-715.77746228,522.09418918
-715.77874122,521.87863797
-715.78062268,521.66264847
-715.78267825,521.44632763
-715.78473277,521.23011778
-715.78661529,521.01401730
-715.78815697,520.79780258
-715.78935993,520.58125164
-715.79005111,520.36458483
-715.79023261,520.14758018
-715.79015875,519.93046210
-715.78974406,519.71322978
-715.78958895,519.49566693
-715.79028645,519.27833418
-715.79183657,519.06123153
-715.79441447,518.84391665
-715.79725089,518.62638222
-715.79983723,518.40817942
-715.80157095,518.18974651
-715.80279500,517.97097575
-715.80376157,517.75231355
-715.80880759,517.52714107
-715.81368054,517.30218895
-715.81846486,517.07756899
-715.82324602,516.85328200
-715.82811054,516.62921780
-715.83297295,516.40537559
-715.83765914,516.18208671
-715.84217123,515.95912917
-715.84650709,515.73672496
-715.85075537,515.51454192
-715.85074057,515.29120837
-715.85115103,515.06810085
-715.85181368,514.84543974
-715.85273170,514.62289205
-715.85390402,514.40056878
-715.85507635,514.17824552
-715.85641645,513.95625685
-715.85783887,513.73460196
-715.85900381,513.51305562
-715.85982264,513.29195001
-715.85473965,513.07123231
-715.84990990,512.85085002
-715.84525216,512.63035836
-715.84136051,512.41020699
-715.84227114,512.18843624
-715.84317966,511.96688747
-715.84073893,511.74697188
-715.83846809,511.52716892
-715.83636609,511.30758955
-715.83402243,511.08645388
-715.83176319,510.86543002
-715.82967384,510.64451876
-715.82758238,510.42382949
-715.82548987,510.20325121
-715.82348072,509.98289573
-715.82189788,509.76265530
-715.82031082,509.54285882
-715.81880923,509.32306316
-715.81756089,509.10360292
-715.81631150,508.88425366
-715.81747960,508.66237435
-715.81847254,508.44093739
-715.81963431,508.21972403
-715.82096386,507.99884527
-715.82170143,507.77729487
-715.82269542,507.55574692
-715.82533449,507.33199458
-715.82797250,507.10835323
-715.83069598,506.88471270
-715.83386475,506.65918938
-715.83685942,506.43399742
-715.83984986,506.20924941
-715.84258073,505.98483194
-715.84387227,505.75895779
-715.84516170,505.53330562
-715.84644797,505.30798641
-715.84790096,505.08311280
-715.84924844,504.86034720
-715.85059381,504.63780358
-715.85202149,504.41559374
-715.85509846,504.19073556
-715.85842553,503.96654575
-715.86192670,503.74202461
-715.86568007,503.51794985
-715.87020164,503.29399341
-715.87429058,503.07058785
-715.87846182,502.84751608
-715.88315855,502.62311729
-715.88733929,502.39904660
-715.89100613,502.17508203
-715.89432792,501.95144718
-715.89798633,501.72837054
-715.90206999,501.50551994
-715.90649343,501.28289456
-715.90842235,501.06191050
-715.91043568,500.84103824
-715.91270016,500.62072336
-715.91496674,500.40018651
-715.91757416,500.17976389
-715.92009506,499.95945146
-715.92212105,499.73724731
-715.92388745,499.51537369
-715.92539955,499.29327566
-715.92682723,499.07106582
-715.92842374,498.84907959
-715.93002131,498.62698237
-715.93135930,498.40521569
-715.93278170,498.18356081
-715.93471377,497.96224377
-715.93741300,497.74115602
-715.93769578,497.52248733
-715.93823287,497.30404306
-715.93894091,497.08560041
-715.93998661,496.86760497
-715.93939779,496.65070401
-715.93854939,496.43413358
-715.93761446,496.21767333
-715.93667952,496.00121308
-715.93591448,495.78486545
-715.93506502,495.56840601
-715.93429998,495.35205838
-715.93370589,495.13571237
-715.93362463,494.91937123
-715.93388631,494.70292236
-715.93576460,494.48726585
-715.93773046,494.27138817
-715.93978286,494.05540031
-715.94063125,493.84017801
-715.94182259,493.62484798
-715.94335371,493.40974317
-715.94497241,493.19441719
-715.94641595,492.97953356
-715.94777613,492.76442713
-715.94904766,492.54965286
-715.95032026,492.33476760
-715.95167727,492.11999414
-715.95303428,491.90522068
-715.95439129,491.69044722
-715.95591819,491.47578638
-715.95736278,491.26079175
-715.95889073,491.04601992
-715.96050627,490.83102692
-715.96229170,490.61614653
-715.96236662,490.40136089
-715.96226953,490.18668462
-715.96225687,489.97212015
-715.96224420,489.75755568
-715.96250377,489.54132878
-715.96267787,489.32510107
-715.96481785,489.10889205
-715.96695993,488.89246104
-715.96901338,488.67636219
-715.97080935,488.46037190
-715.97473371,488.24528984
-715.97917091,488.03021265
-715.98395105,487.81502771
-715.98907308,487.59984603
-715.99419406,487.38477534
-715.99940156,487.16959447
-716.00426718,486.95441035
-716.00793196,486.73965882
-716.01099736,486.52501260
-716.01337899,486.31035988
-716.01498925,486.09592184
-716.01533008,485.88013972
-716.01558332,485.66457877
-716.01617740,485.44913206
-716.01710915,485.23413256
-716.01872785,485.01880659
-716.02238735,484.80461002
-716.02698811,484.59031139
-716.03210593,484.37557367
-716.03662438,484.16094125
-716.03924871,483.94773385
-716.04144252,483.73485536
-716.04295149,483.52208136
-716.04325645,483.31007293
-716.04235952,483.09860807
-716.04069017,482.88746888
-716.03842462,482.67610203
-716.03607570,482.46451238
-716.03423646,482.25326058
-716.03394206,482.04135745
-716.03535712,481.82947056
-716.03780207,481.61714946
-716.04067965,481.40427747
-716.04330293,481.19118105
-716.04730116,480.97732070
-716.05001729,480.76344817
-716.05136692,480.54945165
-716.05169614,480.33489043
-716.05159905,480.12021416
-716.05141648,479.90553708
-716.05149034,479.69086243
-716.05224692,479.47630527
-716.05351529,479.26186398
-716.05436367,479.04664169
-716.05529331,478.83186417
-716.05622084,478.61730864
-716.05714626,478.40297509
-716.05642660,478.19084592
-716.05579136,477.97882855
-716.05549800,477.76681444
-716.05554760,477.55469258
-716.05585361,477.34257315
-716.05650574,477.13001302
-716.05724545,476.91723171
-716.05815715,476.70434104
-716.06030134,476.48768805
-716.06210364,476.27103182
-716.06373710,476.05415198
-716.06511414,475.83726970
-716.06632340,475.62005283
-716.06753265,475.40283596
-716.06752947,475.18727258
-716.06752734,474.97159821
-716.06836939,474.75704186
-716.06912597,474.54248471
-716.06988361,474.32781656
-716.07081324,474.11303905
-716.07174393,473.89815054
-716.07276220,473.68304087
-716.07395248,473.46782183
-716.07522822,473.25260360
-716.07659049,473.03727520
-716.07909556,472.81862763
-716.08168504,472.60009187
-716.08418905,472.38155529
-716.08652105,472.16312808
-716.08851222,471.94458663
-716.09194483,471.72727989
-716.09520860,471.50974954
-716.09847132,471.29233018
-716.10182268,471.07457866
-716.10517298,470.85693813
-716.10869317,470.63941022
-716.11221441,470.42177132
-716.11565019,470.20413160
-716.11874407,469.98648864
-716.12166700,469.76884405
-716.12459100,469.55108847
-716.12742951,469.33333208
-716.13115229,469.11247607
-716.13478959,468.89161925
-716.13825384,468.67098278
-716.14137409,468.45056505
-716.14432339,468.23014570
-716.14727269,468.00972634
-716.15022200,467.78930699
-716.15283151,467.56866241
-716.15535450,467.34812800
-716.15779413,467.12737080
-716.15971881,466.90683071
-716.16164349,466.68629061
-716.16348164,466.46586070
-716.16480695,466.24542592
-716.16604573,466.02510131
-716.16984660,465.80502305
-716.17356200,465.58494398
-716.17790418,465.36187384
-716.18215984,465.13891388
-716.18615907,464.91595149
-716.19024273,464.69310090
-716.19423985,464.47036049
-716.19815151,464.24761926
-716.20189010,464.02509840
-716.20528681,463.80257428
-716.20859804,463.58004936
-716.21173938,463.35741181
-716.21505378,463.13455391
-716.21853596,462.91203061
-716.22210466,462.68939713
-716.22515842,462.46698076
-716.22846649,462.24478880
-716.23231587,462.01960497
-716.23607767,461.79464231
-716.23958411,461.56956622
-716.24291854,461.34459950
-716.24599655,461.11963034
-716.24907457,460.89466119
-716.25163975,460.66968715
-716.25429039,460.44471394
-716.25651473,460.21962567
-716.25873907,459.99453739
-716.26053288,459.76977804
-716.26232774,459.54490769
-716.26411944,459.32037031
-716.26582355,459.09605410
-716.26744325,458.87162609
-716.26914842,458.64719889
-716.27119232,458.42310791
-716.27374905,458.19902181
-716.27693153,457.97205563
-716.28019842,457.74520126
-716.28320572,457.51867742
-716.28578566,457.29214952
-716.28802160,457.06584035
-716.29016996,456.83975236
-716.29223389,456.61355255
-716.29412477,456.38757311
-716.29609691,456.16203844
-716.29815241,455.93672657
-716.30012032,455.71163586
-716.30208402,455.48698912
-716.30344941,455.26233669
-716.30463963,455.03812660
-716.30591426,454.81402832
-716.30701373,454.59037237
-716.30793910,454.36704777
-716.30894677,454.14405695
-716.31020664,453.92151254
-716.31155199,453.69896893
-716.31315270,453.47653875
-716.31518077,453.25411264
-716.31704001,453.03146292
-716.31872936,452.80870058
-716.32050207,452.58616104
-716.32227478,452.36362149
-716.32395991,452.14130312
-716.32521556,451.91920267
-716.32612721,451.69732094
-716.32712433,451.47544004
-716.32803493,451.25366931
-716.32894341,451.03212056
-716.33036368,450.81068767
-716.33229258,450.58970363
-716.33886133,450.37520170
-716.34534144,450.16103194
-716.35182472,449.94652922
-716.35830800,449.73202648
-716.36436391,449.51751969
-716.36956403,449.30311577
-716.37399595,449.08859354
-716.37808387,448.87429005
-716.38200190,448.65987395
-716.38574897,448.44545622
-716.38941058,448.23103767
-716.39324629,448.01628779
-716.39733526,447.80187330
-716.39670633,447.58919000
-716.39659129,447.37640058
-716.39681709,447.16372540
-716.39696269,446.95049446
-716.39744279,446.73804370
-716.39792606,446.52525997
-716.39832492,446.31236443
-716.39864146,446.09913511
-716.40196328,445.88449134
-716.40485668,445.66995450
-716.40646587,445.45562745
-716.40833464,445.24096988
-716.41028678,445.02653509
-716.41240565,444.81254589
-716.41452451,444.59855669
-716.41593112,444.38755774
-716.41622973,444.17621527
-716.41618961,443.96453657
-716.41615055,443.75274688
-716.41670664,443.54129585
-716.41820820,443.32929880
-716.42162925,443.12220402
-716.42531200,442.91455672
-716.42882590,442.70668581
-716.43259412,442.49903933
-716.43636866,442.29072690
-716.43988468,442.08263402
-716.44194870,441.87441633
-716.44229587,441.66695934
-716.44127547,441.45948935
-716.43581678,441.25131119
-716.43146924,441.04314358
-716.42900212,440.83499385
-716.42807457,440.62674774
-716.42732008,440.41828127
-716.42665528,440.20937166
-716.42633448,440.00024331
-716.42618779,439.79078361
-716.42738231,439.58411168
-716.42840800,439.37721614
-716.42917937,439.17009618
-716.42969432,438.96297379
-716.43021032,438.75574040
-716.43055644,438.54839440
-716.43064824,438.34082399
-716.43039921,438.13313933
-716.42998133,437.92523107
-716.42973124,437.71765740
-716.42965210,437.51008536
-716.42974179,437.30273692
-716.43000243,437.09539011
-716.43060285,436.88826853
-716.43154517,436.68115020
-716.43291591,436.47392493
-716.43445654,436.26681229
-716.43608264,436.05970045
-716.43753674,435.85269798
-716.43882201,435.64547191
-716.43976327,435.43846457
-716.44062012,435.23134542
-716.44147801,435.02411529
-716.44135773,434.82087188
-716.44141051,434.61740812
-716.44163529,434.41383500
-716.44203207,434.21015250
-716.44259874,434.00658262
-716.44333847,433.80279239
-716.44424809,433.59911477
-716.44498887,433.39521354
-716.44555766,433.19142168
-716.44612855,432.98740784
-716.44544792,432.78016308
-716.44485277,432.57291914
-716.44459845,432.36578944
-716.44468708,432.15855200
-716.44486436,431.95098239
-716.44512605,431.74352459
-716.44530226,431.53606598
-716.44556290,431.32871917
-716.44590795,431.12148416
-716.44650837,430.91436258
-716.44730927,430.70413489
-716.44836658,430.49390963
-716.44950726,430.28390717
-716.45064478,430.07423768
-716.45169472,429.86478936
-716.45308654,429.65534429
-716.45447626,429.44612119
-716.45577945,429.23700828
-716.45716706,429.02800717
-716.45855256,428.81922804
-716.45993700,428.61055990
-716.46123176,428.40233491
-716.46261198,428.19411074
-716.46441852,427.98600161
-716.46434675,427.77765264
-716.46427393,427.56941466
-716.46420005,427.36128767
-716.46412828,427.15293869
-716.46337272,426.94458322
-716.46287252,426.73634118
-716.46204414,426.52665301
-716.46121471,426.31707583
-716.46029875,426.10760883
-716.45929310,425.89858498
-716.45811439,425.68978148
-716.45701799,425.48131177
-716.45509111,425.27028116
-716.45350402,425.05947577
-716.45208470,424.84900498
-716.45100412,424.63887041
-716.45026227,424.42907206
-716.45003221,424.21938958
-716.45013876,424.01026530
-716.44920593,423.80257415
-716.44827203,423.59499399
-716.44725161,423.38752401
-716.44631561,423.18016583
-716.44442358,422.97446358
-716.44270249,422.76876295
-716.44115341,422.56295296
-716.43704539,422.35656364
-716.43284873,422.15050649
-716.42899397,421.94445259
-716.42539247,421.73873409
-716.42230380,421.53302047
-716.41921514,421.32730685
-716.41620878,421.12192701
-716.41014647,420.91429812
-716.40459489,420.70689609
-716.39938414,420.49960829
-716.39442771,420.29254491
-716.38972454,420.08581694
-716.38527673,419.87920240
-716.37963440,419.67235451
-716.37450386,419.46562248
-716.36971521,419.25889370
-716.36535498,419.05205799
-716.36124801,418.84555769
-716.35722546,418.63916919
-716.35362711,418.43311772
-716.35030944,418.22451591
-716.34724608,418.01613851
-716.34469450,417.80787698
-716.34222630,417.59983824
-716.33975598,417.39202148
-716.33737219,417.18409454
-716.33524060,416.97661401
-716.33327785,416.76935708
-716.33122857,416.56221033
-716.32908960,416.35550672
-716.32703399,416.14902591
-716.32506175,415.94276790
-716.32309161,415.73628790
-716.32112042,415.52991890
-716.31931702,415.32388449
-716.31759592,415.11818386
-716.31595713,414.91281702
-716.31431518,414.70778316
-716.31310165,414.50264236
-716.31240202,414.29739544
-716.31178681,414.09226033
-716.31108190,413.88756837
-716.31012268,413.68265199
-716.30916030,413.47806858
-716.30806072,413.26993185
-716.30652955,413.06223501
-716.30473669,412.85509070
-716.30276760,412.64849971
-716.30150235,412.43980640
-716.30040698,412.23122571
-716.29974110,412.02242709
-716.29950258,411.81363254
-716.29968932,411.60506402
-716.30005123,411.39605317
-716.30032555,411.18726349
-716.30068641,410.97836363
-716.30087631,410.76946214
-716.30095437,410.56333461
-716.30060612,410.35709204
-716.30025893,410.15073846
-716.29982942,409.94405111
-716.29931234,409.73758492
-716.29905272,409.53101018
-716.29913290,409.32466066
-716.29963833,409.11853720
-716.30102064,408.91009105
-716.30205790,408.70197462
-716.30283874,408.49385576
-716.30370189,408.28607068
-716.30447956,408.07828478
-716.30508312,407.87083024
-716.30551573,407.66337407
-716.30543761,407.45569105
-716.30484454,407.24822514
-716.30374284,407.04031038
-716.30280998,406.83261924
-716.30196471,406.62470693
-716.30547859,406.41683604
-716.30873395,406.20918469
-716.31207478,406.00153415
-716.31558550,405.79399623
-716.31944234,405.58601760
-716.32382573,405.37660096
-716.32812575,405.16696153
-716.33216724,404.95754164
-716.33561042,404.74811607
-716.33853970,404.53879661
-716.33933741,404.32890190
-716.33979428,404.11889295
-716.34053921,403.90555671
-716.34102666,403.69232903
-716.34108569,403.47920828
-716.34157103,403.26620258
-716.34214185,403.05319769
-716.34296592,402.84052821
-716.34430389,402.62775262
-716.34572312,402.41542179
-716.34833054,402.20399027
-716.35059290,401.99288846
-716.35321087,401.78034703
-716.35576024,401.56602894
-716.35873382,401.35204787
-716.36145097,401.13806438
-716.36391065,400.92418943
-716.36602843,400.71031124
-716.36831610,400.49654566
-716.37043388,400.28266747
-716.37237861,400.06900963
-716.37432439,399.85524081
-716.37584069,399.64168990
-716.37701404,399.42824674
-716.37793202,399.21469015
-716.37936179,399.00124942
-716.38363435,398.78550469
-716.38843556,398.56809997
-716.39332120,398.35080706
-716.39940559,398.13330354
-716.40505944,397.91612893
-716.41028169,397.69939421
-716.41550079,397.48299248
-716.42020283,397.26702982
-716.42438886,397.05139528
-716.42814329,396.83620063
-716.43172573,396.62111535
-716.43556354,396.40614349
-716.43948365,396.19150542
-716.44331724,395.97697753
-716.44723208,395.76289441
-716.45105828,395.54914346
-716.45472619,395.33405899
-716.45796252,395.11941442
-716.46085800,394.90465561
-716.46385267,394.68845474
-716.46658880,394.47247341
-716.46709207,394.25758087
-716.46776418,394.04291194
-716.46808701,393.82901669
-716.46866309,393.61545685
-716.46906401,393.40233936
-716.46980366,393.18955808
-716.46916096,392.97831767
-716.46868816,392.76718988
-716.46855830,392.55595435
-716.46868276,392.34494324
-716.46847270,392.13315194
-716.46860243,391.92158588
-716.46856016,391.71012918
-716.47083623,391.49758450
-716.47310914,391.28537279
-716.47504120,391.07304685
-716.47645726,390.86104900
-716.47761690,390.64904872
-716.47860242,390.43737978
-716.47941700,390.22570923
-716.48013977,390.01470380
-716.48120444,389.80370162
-716.48226489,389.59314340
-716.48340765,389.38291897
-716.48463483,389.17280634
-716.48620179,388.96291894
-716.48785634,388.75281038
-716.48942120,388.54314496
-716.49107364,388.33325837
-716.49246755,388.12359133
-716.49360187,387.91425483
-716.49473725,387.70480733
-716.49561093,387.49591235
-716.49605830,387.28690232
-716.49607513,387.07822120
-716.49591996,386.86964945
-716.49662058,386.66097482
-716.49731804,386.45263317
-716.49818329,386.24462612
-716.49929862,386.03728745
-716.50049944,385.82994958
-716.50186487,385.62327929
-716.50305829,385.41671837
-716.50501466,385.21083069
-716.50688239,385.00527518
-716.50874906,384.79983066
-716.51018520,384.59471505
-716.51101986,384.38992672
-716.51150946,384.18546812
-716.51182494,383.98134087
-716.51213727,383.77754659
-716.51287169,383.57431132
-716.51386147,383.37118948
-716.51501904,383.16840224
-716.51685724,382.96595446
-716.51852343,382.76361606
-716.52010204,382.56149882
-716.52150654,382.35971293
-716.52290893,382.15814902
-716.52560082,381.95582036
-716.52786217,381.75382061
-716.52977951,381.55203959
-716.53143727,381.35058911
-716.53277211,381.14713755
-716.53393284,380.94401733
-716.53526136,380.74123172
-716.53650124,380.53877826
-716.53807774,380.33688300
-716.53982308,380.13521135
-716.54173515,379.93398529
-716.54256031,379.73019588
-716.54338231,379.52673944
-716.54644351,379.32152828
-716.54924407,379.11675863
-716.55169957,378.91231871
-716.55473756,378.70954934
-716.55725955,378.50710807
-716.55934890,378.30521768
-716.56160708,378.10355091
-716.56388003,377.90033026
-716.56623634,377.69733241
-716.56867391,377.49477933
-716.57094264,377.29200265
-716.57346463,377.08956137
-716.57606998,376.88734289
-716.57858564,376.68556756
-716.58075308,376.48445493
-716.58265987,376.28378382
-716.58447592,376.08366685
-716.58908903,375.81409004
-716.59040033,375.55014288
-716.59136658,375.28652545
-716.59459100,375.01915545
-716.59503597,374.75642108
-716.59539123,374.49412985
-716.59808700,374.22841984
-716.59826393,373.96690392
-716.59912255,373.70561648
-716.60291577,373.44135991
-716.60477160,373.18307897
-716.60645333,372.92512937
-716.61010517,372.66675449
-716.61075277,372.40968307
-716.61131278,372.15283283
-716.61359176,371.89499991
-716.61397766,371.63848101
-716.61436251,371.38207310
-716.61008529,371.12151386
-716.60731286,370.86452095
-716.60453621,370.60797200
-716.60083728,370.34952727
-716.59839409,370.09386950
-716.59594774,369.83854469
-716.59266562,369.58121394
-716.59072684,369.32644896
-716.58903921,369.07224137
-716.58567795,368.81424386
-716.58229665,368.55835516
-716.57891113,368.30291044
-716.57273344,368.04444216
-716.56890895,367.79021426
-716.56516677,367.53632016
-716.56532787,367.27646910
-716.56492341,367.02216271
-716.56477325,366.76808073
-716.56543033,366.51001040
-716.56570016,366.25670942
-716.56427949,366.00139436
-716.56162522,365.74096155
-716.56053379,365.48698163
-716.55944025,365.23322369
-716.55710784,364.97490296
-716.55609662,364.72147880
-716.55559823,364.46805952
-716.55444875,364.21119303
-716.55410549,363.95944024
-716.55324623,363.70801554
-716.55113648,363.45324894
-716.55026878,363.20271217
-716.54999413,362.95273603
-716.55042647,362.70032460
-716.55159011,362.45191615
-716.55300490,362.20406508
-716.55375909,361.95376572
-716.55490902,361.70680014
-716.55606212,361.45950159
-716.55672346,361.20997836
-716.55632957,360.96355311
-716.55507989,360.71723074
-716.55359067,360.46913007
-716.55361783,360.22337484
-716.55449446,359.97818267
-716.55769788,359.73101461
-716.55993999,359.48605742
-716.56260209,359.24188123
-716.56578969,358.99637802
-716.56684676,358.75018857
-716.56764635,358.50410767
-716.56830980,358.25436245
-716.56875906,358.00916623
-716.56903210,357.76452333
-716.56916371,357.51677107
-716.56882788,357.27323240
-716.56874953,357.02958517
-716.57039332,356.78462230
-716.57235263,356.54243744
-716.57405237,356.30058312
-716.57668810,356.05918170
-716.57871075,355.81932846
-716.58098454,355.58003261
-716.58608743,355.33987564
-716.58964017,355.10092494
-716.59302092,354.86208361
-716.59768272,354.62336546
-716.59793993,354.38038742
-716.59802409,354.13762975
-716.59720072,353.89142242
-716.59719096,353.64955186
-716.59555192,353.40822082
-716.59232683,353.16287868
-716.59035433,352.92065647
-716.58950776,352.67689094
-716.59174986,352.43193376
-716.59347596,352.18730467
-716.59389990,351.94477223
-716.59448635,351.70312933
-716.59491135,351.46048589
-716.59621113,351.21574176
-716.59982293,350.97057559
-716.60241854,350.72440075
-716.60476721,350.47722457
-716.60962733,350.22663123
-716.61190635,349.97778937
-716.61529864,349.72873609
-716.62067477,349.47781465
-716.62260662,349.22952450
-716.62402246,348.98156245
-716.62913689,348.73119352
-716.63192981,348.48224555
-716.63395873,348.23273531
-716.63720433,347.98112763
-716.63701408,347.73126330
-716.63907148,347.47875632
-716.64689468,347.22219710
-716.64972978,346.96880950
-716.65239815,346.71497631
-716.66024773,346.45564232
-716.66370541,346.19970762
-716.66751659,345.94255528
-716.67546850,345.68144625
-716.67884809,345.42473381
-716.68188895,345.16768514
-716.68973114,344.90912809
-716.69165555,344.65262382
-716.69280120,344.39711115
-716.69841156,344.13953190
-716.69947174,343.88401842
-716.69922343,343.63126753
-716.70265791,343.37777463
-716.70550356,343.12327712
-716.70826900,342.86822386
-716.71506230,342.61209885
-716.71645488,342.35758754
-716.71725124,342.10284856
-716.72070787,341.84702486
-716.71988128,341.59215946
-716.71837089,341.33728756
-716.71917780,341.08143868
-716.71741204,340.82645335
-716.71616230,340.57113993
-716.71817113,340.31474747
-716.72043533,340.05846843
-716.72253068,339.80196578
-716.72977244,339.54362503
-716.72980376,339.28843478
-716.72897294,339.03401335
-716.73241902,338.77929955
-716.73005178,338.52464151
-716.72725610,338.27009040
-716.72794379,338.01779241
-716.72366868,337.76600226
-716.71879419,337.51431742
-716.71578117,337.26464828
-716.71004139,337.01406523
-716.70422141,336.76292641
-716.70086226,336.51369798
-716.69384247,336.26288076
-716.68648078,336.01206029
-716.68115783,335.76259120
-716.67259633,335.51209234
-716.66360429,335.26192238
-716.65476212,335.01397386
-716.64285445,334.76477521
-716.63086026,334.51568673
-716.61882809,334.27059392
-716.60561405,334.02393587
-716.59222695,333.77749818
-716.57891899,333.53172724
-716.56449670,333.28627872
-716.54964282,333.04127009
-716.53475307,332.80003515
-716.51930297,332.55479887
-716.50368298,332.30944996
-716.48716605,332.06853257
-716.46999591,331.82438994
-716.45239734,331.58035425
-716.43431550,331.34219699
-716.41626951,331.10026606
-716.39796605,330.85844368
-716.37918775,330.62161182
-716.36003165,330.37955934
-716.34070354,330.13761623
-716.32154116,329.90522074
-716.30218773,329.66594140
-716.28283536,329.42655108
-716.26334056,329.19315343
-716.24313133,328.95397696
-716.22111975,328.71556037
-716.19802553,328.48312753
-716.17531222,328.24659128
-716.15242901,328.00994242
-716.12869216,327.78216550
-716.10622156,327.54707457
-716.08391980,327.31220724
-716.06187346,327.08644440
-716.04101316,326.85281178
-716.02015286,326.61917916
-715.99876289,326.39630857
-715.97746678,326.16355981
-715.95675739,325.93203764
-715.93621372,325.71006310
-715.91533654,325.47820633
-715.89392964,325.24812054
-715.87259982,325.02791454
-715.85211943,324.79928056
-715.83172767,324.57031442
-715.86515971,324.35351478
-715.89683797,324.14136050
-715.92134448,323.87430374
-715.94384078,323.61188991
-715.96441446,323.35389784
-715.98332087,323.10044096
-716.00056531,322.85096431
-716.01614881,322.60535690
-716.03041433,322.36351099
-716.04319410,322.12509198
-716.05466010,321.88999051
-716.06455381,321.65842612
-716.07313799,321.42973531
-716.08058567,321.20369771
-716.08715119,320.98053775
-716.09292635,320.75959030
-716.09824250,320.54196850
-716.10250974,320.32677875
-716.10598662,320.11380150
-716.10867314,319.90303676
-716.11022528,319.69470325
-716.11072853,319.48880179
-716.11018815,319.28477743
-716.10868856,319.08274196
-716.10657905,318.88192171
-716.09936606,318.62444262
-716.09154314,318.36817875
-716.09457964,318.09359195
-716.08577747,317.84142579
-716.07670518,317.59070008
-716.07673112,317.32707374
-716.06693179,317.08089214
-716.05669559,316.83570541
-716.05322872,316.57981592
-716.03971389,316.33781705
-716.02559652,316.09625646
-716.01727767,315.84720291
-716.00304951,315.60830528
-715.98915587,315.37018784
-715.97993270,315.12634273
-715.96525185,314.89010482
-715.95005077,314.65463896
-715.93804601,314.41565146
-715.92119243,314.18316692
-715.90416157,313.95134670
-715.89014237,313.71744609
-715.87267359,313.48673172
-715.85502859,313.25657068
-715.83970195,313.02532166
-715.82110196,312.79670555
-715.80250196,312.56808944
-715.78630370,312.33860815
-715.76753064,312.11021240
-715.74816032,311.88169998
-715.73067887,311.65231749
-715.71070916,311.42391037
-715.69056429,311.19594559
-715.67186088,310.96921551
-715.65111241,310.74180000
-715.63010750,310.51438205
-715.61003016,310.28830492
-715.58850925,310.06121507
-715.56681632,309.83423459
-715.54484271,309.60980446
-715.52211671,309.38359116
-715.49939281,309.15715589
-715.47733266,308.93283593
-715.45485991,308.70695805
-715.43204631,308.48096592
-715.40844129,308.25729729
-715.38408703,308.03151253
-715.35930645,307.80561271
-715.33443090,307.58071101
-715.30957539,307.35370047
-715.28463546,307.12657814
-715.26011024,306.90079175
-715.23551115,306.67378366
-715.21117059,306.44655602
-715.18689968,306.22099406
-715.16229953,305.99409695
-715.13727200,305.76719579
-715.11197011,305.54217903
-715.08711564,305.31505751
-715.06226117,305.08793599
-715.03730751,304.86225653
-715.01228313,304.63502240
-714.98717117,304.40800943
-714.96161918,304.18232429
-714.93608090,303.95519628
-714.91071567,303.72784790
-714.88507926,303.50205096
-714.85980056,303.27459241
-714.83452186,303.04713386
-714.80906060,302.82089458
-714.78395179,302.59354865
-714.75909941,302.36620515
-714.73389141,302.14030128
-714.70904219,301.91262481
-714.68411065,301.68461455
-714.65856813,301.45793050
-714.63286731,301.22991293
-714.60725197,301.00189618
-714.58154376,300.77465556
-714.55652991,300.54631152
-714.53177458,300.31774794
-714.50658133,300.09029020
-714.48139546,299.86205553
-714.45612517,299.63370905
-714.42998958,299.40646437
-714.40506224,299.17801015
-714.38039027,298.94966936
-714.35493954,298.72232018
-714.33001008,298.49408795
-714.30567895,298.26586140
-714.28082653,298.03851790
-714.25692383,297.81018442
-714.23370914,297.58141348
-714.20998266,297.35252667
-714.18677324,297.12320078
-714.16339287,296.89387326
-714.13940468,296.66553897
-714.11662263,296.43621713
-714.09392500,296.20700710
-714.07010987,295.97845246
-714.04750826,295.74813333
-714.02601993,295.51760278
-714.00486928,295.28751944
-713.98466097,295.05722306
-713.96488003,294.82693073
-713.94432664,294.59696407
-713.92403179,294.36677787
-713.90399021,294.13692707
-713.88343682,293.90696041
-713.86426158,293.67589683
-713.84517075,293.44494506
-713.82574119,293.21365707
-713.80742703,292.98193568
-713.78945370,292.75032852
-713.77122606,292.51849695
-713.75394075,292.28645233
-713.73631355,292.05440446
-713.71765958,291.82245783
-713.69986036,291.59051933
-713.68231757,291.35858326
-713.66477372,291.12675819
-713.64826085,290.89438790
-713.63217429,290.66213267
-713.61591784,290.42976483
-713.60086120,290.19707538
-713.58605993,289.96449936
-713.57099696,289.73247585
-713.55653653,289.50001407
-713.54250770,289.26711239
-713.52839761,289.03376593
-713.51480248,288.80020236
-713.50155135,288.56642006
-713.48821791,288.33230398
-713.47530552,288.09885790
-713.46247861,287.86541264
-713.44991023,287.63174783
-713.43794122,287.39797771
-713.42648929,287.16376850
-713.41529905,286.92900678
-713.40487387,286.69469633
-713.39469773,286.46116525
-713.38452159,286.22763417
-713.37468946,285.99388436
-713.36555062,285.75914213
-713.35650569,285.52351278
-713.34737318,285.28810461
-713.33789560,285.05302616
-713.32875992,284.81795095
-713.32108153,284.58244560
-713.31374400,284.34705448
-713.30692458,284.11111328
-713.30061696,283.87528794
-713.29456366,283.63968702
-713.28851879,283.40319818
-713.28247287,283.16682033
-713.27659578,282.93066608
-713.27038101,282.69406462
-713.26459046,282.45780020
-713.25939823,282.22154146
-713.25455845,281.98417606
-713.25108310,281.74715662
-713.24769218,281.51024899
-713.24405010,281.27278398
-713.24143267,281.03543969
-713.23907061,280.79820884
-713.23714436,280.56009412
-713.23547454,280.32198184
-713.23406220,280.08376100
-713.23335053,279.84377081
-713.23151819,279.60476898
-713.22960038,279.36576633
-713.22666003,279.12642097
-713.22482242,278.88797409
-713.22341429,278.64930929
-713.22080424,278.41118808
-713.21998916,278.17308391
-713.22020823,277.93410157
-713.22060879,277.69401095
-713.22160135,277.45459196
-713.22285033,277.21517540
-713.22367722,276.97519983
-713.22492620,276.73578327
-713.22592192,276.49603131
-713.22684377,276.25505763
-713.22869741,276.01498082
-713.23046557,275.77490319
-713.23293230,275.53327819
-713.23556260,275.29243175
-713.23801983,275.05180566
-713.24083901,274.80907401
-713.24381648,274.56767586
-713.24714534,274.32528205
-713.25083404,274.08100464
-713.25450374,273.83872507
-713.25825788,273.59655730
-713.26100845,273.35204898
-713.26434891,273.10843427
-713.26752053,272.86459596
-713.27105198,272.61887405
-713.27447687,272.37537114
-713.27807375,272.13175887
-713.28228690,271.88626544
-713.28648738,271.64210390
-713.29197738,271.39717761
-713.29954410,271.14960703
-713.30597960,270.90413472
-713.31249003,270.65977313
-713.31857625,270.41507450
-713.32285483,270.17169071
-713.32670815,269.92808087
-713.33092129,269.68258745
-713.33469546,269.43831086
-713.33838415,269.19403345
-713.34311647,268.94787895
-713.34775277,268.70283355
-713.35264550,268.45779058
-713.35848689,268.21186863
-713.36372047,267.96693990
-713.36956186,267.72101794
-713.37525023,267.47320751
-713.37963749,267.22738274
-713.38402264,266.98177995
-713.38867792,266.73473671
-713.39298287,266.48857816
-713.39720234,266.24241879
-713.40186079,265.99504258
-713.40564866,265.74932311
-713.40960960,265.50338329
-713.41341119,265.25622094
-713.41720644,265.00972454
-713.42125813,264.76323057
-713.42566331,264.51551896
-713.42911878,264.26879733
-713.43265972,264.02207651
-713.43475180,263.77489792
-713.43812284,263.52806449
-713.44140947,263.28111925
-713.44324512,263.03393822
-713.44679028,262.78677344
-713.45050955,262.53927732
-713.45440821,262.29089488
-713.45889676,262.04340607
-713.46364491,261.79558671
-713.46831601,261.54687862
-713.47341238,261.29839657
-713.47661775,261.05100656
-713.47871404,260.80338401
-713.48200910,260.55555085
-713.48513532,260.30749408
-713.48697941,260.05942513
-713.49019110,259.81136918
-713.49434619,259.56298919
-713.49816254,259.31427298
-713.50231762,259.06589298
-713.50655818,258.81751380
-713.51088739,258.56880246
-713.51315780,258.32084857
-713.51577327,258.07256495
-713.51582132,257.82458994
-713.51844101,257.57586236
-713.52106281,257.32691279
-713.52128603,257.07849544
-713.52348045,256.82954182
-713.52550392,256.58058657
-713.52556040,256.33172364
-713.52784241,256.08254884
-713.53029853,255.83304270
-713.53147042,255.58374636
-713.53504615,255.33336286
-713.53681847,255.08385022
-713.53610778,254.83475799
-713.53762368,254.58524292
-713.53931263,254.33550749
-713.53912323,254.08553221
-713.54133136,253.83513571
-713.54371466,253.58429687
-713.54438423,253.33388576
-713.54685090,253.08326971
-713.54948851,252.83265529
-713.55058757,252.58202625
-713.55314604,252.33074507
-713.55561798,252.07957408
-713.55483763,251.82881618
-713.55551458,251.57762813
-713.55610290,251.32677224
-713.55412062,251.07655792
-713.55513631,250.82570609
-713.55615411,250.57463228
-713.55468890,250.32397888
-713.55570880,250.07268308
-713.55673293,249.82094332
-713.55561700,249.56951624
-713.55664007,249.31788747
-713.55757872,249.06614690
-713.55577688,248.81493530
-713.55594414,248.56340940
-713.55672133,248.31066830
-713.55587870,248.05746780
-713.55734286,247.80440021
-713.55863396,247.55155299
-713.55813323,247.29835573
-713.55968180,247.04539995
-713.56114807,246.79211039
-713.56056397,246.53869035
-713.56151633,246.28550690
-713.56238427,246.03221165
-713.56187721,245.77968035
-713.56239692,245.52704779
-713.56317726,245.27397371
-713.56380354,245.01912216
-713.56587867,244.76472838
-713.56795381,244.51033459
-713.56866450,244.25559484
-713.57065417,244.00120025
-713.57264383,243.74680565
-713.57387159,243.49162681
-713.57569557,243.23667564
-713.57777598,242.98172690
-713.57858164,242.72598905
-713.57937991,242.47102813
-713.58043461,242.21606965
-713.57987266,241.96031880
-713.58136001,241.70480943
-713.58301726,241.44941267
-713.58297027,241.19344471
-713.58445868,240.93782435
-713.58586266,240.68209218
-713.58573336,240.42579044
-713.58705503,240.16972449
-713.58829333,239.91343575
-713.58851226,239.65647131
-713.59018005,239.39996465
-713.59107329,239.14400563
-713.59103790,238.88681678
-713.59305497,238.62953643
-713.59558806,238.37192798
-713.59770749,238.11287259
-713.60041470,237.85493279
-713.60312402,237.59677101
-713.60627126,237.33750339
-713.60958523,237.07868135
-713.61298574,236.81974914
-713.61649175,236.55870891
-713.61955035,236.29977345
-713.62105985,236.04193327
-713.62163860,235.78308525
-713.62349527,235.52469337
-713.62552289,235.26630312
-713.62738589,235.00724529
-713.63035585,234.74864199
-713.63324139,234.48992688
-713.63544945,234.23053934
-713.63773666,233.97181855
-713.63985503,233.71287415
-713.64163676,233.45337155
-713.64392608,233.19442878
-713.64638952,232.93515466
-713.64748218,232.67620052
-713.64908347,232.41769522
-713.65068476,232.15918991
-713.65099970,231.90111639
-713.65312440,231.64150605
-713.65516362,231.38189490
-713.65644199,231.12138851
-713.65831447,230.86133177
-713.66035580,230.60149864
-713.66197924,230.34066253
-713.66411026,230.08038625
-713.66641117,229.82022258
-713.66760091,229.56004836
-713.66912938,229.30021036
-713.67065680,229.04048334
-713.67106881,228.78118973
-713.67269225,228.52035363
-713.67440116,228.25951833
-713.67534922,227.99778780
-713.67714678,227.73662035
-713.67903086,227.47534271
-713.68023641,227.21350363
-713.68220386,226.95244879
-713.68408794,226.69117116
-713.68537896,226.42933289
-713.68605056,226.16970875
-713.68663985,225.90975082
-713.68636595,225.65067270
-713.68738261,225.39071883
-713.68874224,225.13065722
-713.68941595,224.87081110
-713.69120717,224.61030959
-713.69282850,224.34969546
-713.69376285,224.08940781
-713.69625581,223.82702596
-713.69866329,223.56464330
-713.70184638,223.30160200
-713.70364498,223.04032355
-713.70544358,222.77904511
-713.70724324,222.51765568
-713.70896059,222.25593246
-713.71067793,221.99420924
-713.71239739,221.73226404
-713.71386147,221.47020542
-713.71540153,221.20914652
-713.71719275,220.94864501
-713.71899557,220.68692261
-713.72071291,220.42519939
-713.72251152,220.16392095
-713.72406002,219.90197412
-713.72440658,219.64057089
-713.72371584,219.38037880
-713.72389251,219.11886295
-713.72398475,218.85723529
-713.72455611,218.59916420
-713.72514961,218.33876232
-713.72565974,218.07813764
-713.72623215,217.81995557
-713.72691324,217.55933251
-713.72785181,217.29860090
-713.72903098,217.03953659
-713.73058159,216.77736779
-713.73170376,216.51530591
-713.73015720,216.25521670
-713.73006795,215.99469732
-713.73015175,215.73395759
-713.73056797,215.47422003
-713.73143055,215.21248869
-713.73314789,214.95076548
-713.73536332,214.69060101
-713.73691076,214.42876518
-713.73879062,214.16793151
-713.74142183,213.90899200
-713.74296400,213.64771112
-713.74323141,213.38564113
-713.74237709,213.12467048
-713.74213164,212.86259562
-713.74179756,212.60085291
-713.74042405,212.34054334
-713.74008258,212.07957757
-713.73990785,211.81905739
-713.73860927,211.55985853
-713.73843243,211.29956033
-713.73773218,211.04036716
-713.73530449,210.78304459
-713.73442907,210.52429377
-713.73346396,210.26598608
-713.72931410,210.00997916
-713.72783191,209.75211057
-713.72659982,209.49491036
-713.72423124,209.24036337
-713.72384970,208.98361525
-713.72363699,208.72709072
-713.72254739,208.47288889
-713.72207088,208.21713887
-713.72142235,207.96149821
-713.71999506,207.70684916
-713.71960930,207.45054500
-713.71930901,207.19424165
-713.71902137,206.93660641
-713.71795496,206.67996278
-713.71688539,206.42365213
-713.71366837,206.16843107
-713.71233287,205.91311689
-713.71117782,205.65680542
-713.70840084,205.40025654
-713.70681102,205.14471794
-713.70521699,204.88962331
-713.70242946,204.63418433
-713.70116889,204.37998087
-713.69990727,204.12588840
-713.69770542,203.87178700
-713.69558481,203.61813037
-713.69337663,203.36469491
-713.68927743,203.11235150
-713.68723281,202.85969460
-713.68535809,202.60715031
-713.68185511,202.35503456
-713.67989069,202.10293343
-713.67776166,201.85016472
-713.67418374,201.59693825
-713.67324820,201.34451389
-713.67248256,201.09220215
-713.67086743,200.83932733
-713.66992451,200.58767990
-713.66803819,200.33635651
-713.66478425,200.08502013
-713.66298340,199.83369756
-713.66135561,199.58215463
-713.65862086,199.33015718
-713.65725266,199.07828371
-713.65597205,198.82618907
-713.65358025,198.57408388
-713.65212553,198.32232059
-713.65076049,198.07011415
-713.64862934,197.81756743
-713.64735083,197.56525082
-713.64555526,197.31337329
-713.64239100,197.06159376
-713.64051206,196.80949344
-713.63897607,196.55728538
-713.63667080,196.30507001
-713.63547988,196.05253222
-713.63429001,195.79988345
-713.63207127,195.54755790
-713.63070834,195.29512948
-713.62994058,195.04303972
-713.62900082,194.79105932
-713.62815496,194.53819181
-713.62774282,194.28466242
-713.62733172,194.03102204
-713.62623366,193.77770813
-713.62504801,193.52461540
-713.62300759,193.27151454
-713.62225881,193.01742695
-713.62142667,192.76311656
-713.61991915,192.50791175
-713.61857414,192.25359649
-713.61714472,191.99916944
-713.61503570,191.74429191
-713.61385953,191.49020026
-713.61277412,191.23555447
-713.61101017,190.98034723
-713.60966516,190.72603197
-713.60874753,190.47172077
-713.60757664,190.21707417
-713.60631078,189.96342567
-713.60504598,189.70966617
-713.60352052,189.45634821
-713.60269048,189.20181584
-713.60177496,188.94728267
-713.60086261,188.69241652
-713.60020351,188.43788578
-713.59937663,188.18302044
-713.59872492,187.92771276
-713.59763845,187.67317796
-713.59655303,187.41853217
-713.59606805,187.16367008
-713.59540790,186.90925033
-713.59474881,186.65471959
-713.59426383,186.39985751
-713.59394875,186.14510803
-713.59329493,185.89002234
-713.59264216,185.63482566
-713.59139739,185.37895735
-713.59006713,185.12308822
-713.58891522,184.86644379
-713.58783401,184.61135404
-713.58752209,184.35627159
-713.58755313,184.10108141
-713.58732985,183.84566680
-713.58710235,183.59069616
-713.58652135,183.33694317
-713.58603637,183.08208109
-713.58537621,182.82766134
-713.58445330,182.57390509
-713.58320536,182.31836976
-713.58195847,182.06272343
-713.58019767,181.80718322
-713.57843265,181.55208697
-713.57675522,181.29676955
-713.57438132,181.04277752
-713.57303524,180.78857326
-713.57194982,180.53392747
-713.56991255,180.28049365
-713.56882711,180.02584786
-713.56765726,179.77109026
-713.56494462,179.51676202
-713.56351517,179.26233496
-713.56182825,179.00801646
-713.55953349,178.75469119
-713.55784973,178.50003972
-713.55745232,178.24495647
-713.55738944,177.99065339
-713.55665013,177.73556689
-713.55573882,177.48058976
-713.55464600,177.22672090
-713.55364499,176.97218692
-713.55281387,176.71776555
-713.55189095,176.46400931
-713.55114215,176.20992173
-713.55056219,175.95605775
-713.54988832,175.70308088
-713.54913214,175.44977023
-713.54811636,175.19679011
-713.54777912,174.94437145
-713.54761599,174.69162144
-713.54728086,174.43898079
-713.54762322,174.18701258
-713.54720683,173.93392716
-713.54687380,173.68106454
-713.54792422,173.42655004
-713.54862429,173.17292023
-713.54931277,172.92051131
-713.55059958,172.66810808
-713.55102108,172.41680663
-713.55110911,172.16461401
-713.55172159,171.91120536
-713.55171782,171.65967787
-713.55206544,171.40715471
-713.55294279,171.15286058
-713.55294851,170.90033417
-713.55295212,170.64802975
-713.55348756,170.39373237
-713.55313977,170.14242361
-713.55313389,169.89111810
-713.55391416,169.63804405
-713.55416154,169.38707395
-713.55432028,169.13643601
-713.55500559,168.88436006
-713.55566875,168.63461492
-713.55615780,168.38520113
-713.55708266,168.13490347
-713.55696915,167.88592795
-713.55693057,167.63806315
-713.55783223,167.39020729
-713.55847536,167.14257097
-713.55902984,166.89526681
-713.56112818,166.64742231
-713.56202457,166.40012140
-713.56300327,166.15315427
-713.56578647,165.90520529
-713.56761888,165.65835727
-713.56919275,165.41172880
-713.57239279,165.16489378
-713.57370285,164.91903981
-713.57501080,164.67340781
-713.57795125,164.42690333
-713.57891413,164.18160106
-713.57936099,163.93662690
-713.58040829,163.69143643
-713.58076124,163.44734938
-713.58137062,163.20326476
-713.58318088,162.95874755
-713.58413955,162.71388924
-713.58543484,162.46958914
-713.58724089,162.22551589
-713.58810142,161.98198866
-713.58878678,161.73890377
-713.58998500,161.49582376
-713.59032529,161.25306859
-713.59049358,161.01042279
-713.59031784,160.76799572
-713.58971156,160.52589757
-713.58961603,160.28402626
-713.59045864,160.04238588
-713.59146692,159.80130207
-713.59290364,159.56011133
-713.59527217,159.31981745
-713.59678066,159.08007040
-713.59777629,158.84031847
-713.59901885,158.60156790
-713.59923465,158.36291858
-713.59884367,158.12515149
-713.59861099,157.88871792
-713.59847328,157.65128624
-713.59910696,157.41363990
-713.60092678,157.17711482
-713.60283945,156.93981363
-713.60509929,156.70196073
-713.60777809,156.46499982
-713.60925494,156.22858249
-713.61055978,155.99227452
-713.61228252,155.75696954
-713.61263763,155.52165156
-713.61256535,155.28632952
-713.61205304,155.05233530
-713.61197444,154.81767920
-713.61215016,154.58324752
-713.61368718,154.34949478
-713.61548589,154.11518952
-713.61719492,153.88132741
-713.61897888,153.64857602
-713.62025419,153.41537580
-713.62135749,153.18228494
-713.62236267,152.95052516
-713.62337628,152.71787745
-713.62439200,152.48500776
-713.62530643,152.25380212
-713.62657647,152.02115685
-713.62827073,151.78884861
-713.63081448,151.55710344
-713.63319150,151.32491269
-713.63522661,151.09271869
-713.63672988,150.86251765
-713.63763903,150.63186696
-713.63863155,150.40143907
-713.64055377,150.17213001
-713.64222694,149.94204159
-713.64432854,149.71184623
-713.64719522,149.48210215
-713.64955009,149.25224220
-713.65224582,149.02249649
-713.65561059,148.79431115
-713.65795281,148.56578309
-713.66003754,148.33736358
-713.66201887,148.11083010
-713.66366568,147.88351644
-713.66548027,147.65653738
-713.66718935,147.43166633
-713.66848160,147.20568131
-713.66968204,146.98036142
-713.67103866,146.75659702
-713.67266332,146.53161417
-713.67428587,146.30685329
-713.67649938,146.08287504
-713.67845540,145.85900533
-713.68023624,145.63557797
-713.68235162,145.41293079
-713.68368926,145.19116423
-713.68511133,144.96950946
-713.68635507,144.74863001
-713.68734342,144.52763714
-713.68798882,144.30675200
-713.68683288,144.08651575
-713.68627633,143.86617420
-713.68580525,143.64583346
-713.68550724,143.42527236
-713.68571576,143.20538208
-713.68609524,142.98549343
-713.68544583,142.76592800
-713.68591289,142.54581817
-713.68645910,142.32637510
-713.68657370,142.10737193
-713.68668726,141.88847976
-713.68654332,141.66969614
-713.68605959,141.45068728
-713.68549355,141.23134465
-713.68457822,141.01277570
-713.68331781,140.79453647
-713.68257554,140.57574717
-713.68200317,140.35707047
-713.68124191,140.14027900
-713.68066216,139.92237924
-713.68008241,139.70447948
-713.67905945,139.48824053
-713.67813040,139.27111445
-713.67728684,139.05398920
-713.67608871,138.83819257
-713.67515650,138.62139948
-713.67413987,138.40449458
-713.67234129,138.18891425
-713.67063558,137.97255781
-713.66901323,137.75642415
-713.66678305,137.54128373
-713.66498763,137.32537044
-713.66309725,137.11045524
-713.66093778,136.89686950
-713.65914132,136.68106720
-713.65734801,136.46493193
-713.65486351,136.24956709
-713.65315146,136.03387659
-713.65135393,135.81818527
-713.64852331,135.60326115
-713.64612006,135.38834109
-713.64354586,135.17341940
-713.64156578,134.95894736
-713.63967223,134.74436514
-713.63786205,134.53000571
-713.63568676,134.31808483
-713.63394624,134.10539108
-713.63211813,133.89291849
-713.62898678,133.68265354
-713.62672074,133.47128680
-713.62462776,133.25969970
-713.62208842,133.05010638
-713.61988993,132.84062729
-713.61760175,132.63159136
-713.61460549,132.42510171
-713.61204611,132.21761721
-713.60948146,132.01068766
-713.60569271,131.80663249
-713.60242738,131.60147230
-713.59993133,131.39631941
-713.59698364,131.19371524
-713.59430082,130.99022559
-713.59169820,130.78729170
-713.58893803,130.53795805
-713.58690845,130.33769363
-713.58473291,130.08980854
-713.58238220,129.84236579
-713.57995128,129.59436728
-713.57698430,129.34880569
-713.57460196,129.10469266
-713.57231352,128.85969251
-713.57076274,128.61802940
-713.56903046,128.37747456
-713.56669985,128.13691405
-713.56519869,127.89902543
-713.56420934,127.66125267
-713.56261322,127.42436215
-713.56133580,127.18991667
-713.55952338,126.95779713
-713.55693428,126.72644721
-713.55586795,126.49677677
-713.55470348,126.26843740
-713.55267371,126.04119982
-713.55164645,125.81641377
-713.54948164,125.59439194
-713.54740124,125.37248191
-713.54512037,125.15367799
-713.54291126,124.93631776
-713.54078552,124.71918032
-713.53889617,124.50415414
-713.53829214,124.28880718
-713.53664446,124.07533730
-1080.01606568,967.74797094
