-697.02,92.577
-697.02,92.7
-697.01,92.921
-697,93.121
-697,93.325
-696.99,93.532
-696.98,93.741
-696.96,93.954
-696.95,94.17
-696.94,94.39
-696.93,94.615
-696.92,94.815
-696.91,95.02
-696.9,95.227
-696.89,95.436
-696.88,95.65
-696.88,95.867
-696.87,96.086
-696.86,96.31
-696.85,96.538
-696.84,96.769
-696.83,96.971
-696.83,97.177
-696.82,97.385
-696.81,97.596
-696.81,97.81
-696.8,98.028
-696.79,98.249
-696.79,98.473
-696.78,98.7
-696.78,98.93
-696.77,99.165
-696.77,99.402
-696.76,99.603
-696.76,99.806
-696.76,100.01
-696.75,100.22
-696.75,100.43
-696.75,100.64
-696.75,100.86
-696.75,101.07
-696.74,101.29
-696.74,101.52
-696.74,101.74
-696.74,101.97
-696.74,102.2
-696.74,102.43
-696.73,102.67
-696.73,102.9
-696.73,103.15
-696.73,103.39
-696.73,103.63
-696.73,103.88
-696.72,104.08
-696.72,104.29
-696.72,104.49
-696.72,104.69
-696.72,104.9
-696.72,105.11
-696.72,105.32
-696.72,105.53
-696.71,105.75
-696.71,105.96
-696.71,106.18
-696.71,106.4
-696.71,106.62
-696.7,106.84
-696.7,107.06
-696.7,107.29
-696.7,107.51
-696.69,107.74
-696.69,107.97
-696.69,108.21
-696.69,108.44
-696.68,108.68
-696.68,108.91
-696.68,109.15
-696.67,109.4
-696.67,109.64
-696.67,109.88
-696.67,110.13
-696.66,110.38
-696.66,110.63
-696.66,110.88
-696.65,111.14
-696.65,111.39
-696.65,111.65
-696.65,111.91
-696.64,112.17
-696.64,112.43
-696.64,112.7
-696.64,112.96
-696.64,113.17
-696.63,113.37
-696.63,113.57
-696.63,113.77
-696.63,113.98
-696.63,114.18
-696.62,114.39
-696.62,114.59
-696.62,114.8
-696.61,115.01
-696.61,115.22
-696.61,115.43
-696.61,115.64
-696.61,115.85
-696.6,116.07
-696.6,116.28
-696.6,116.49
-696.6,116.71
-696.59,116.93
-696.59,117.14
-696.59,117.36
-696.59,117.58
-696.58,117.8
-696.58,118.02
-696.58,118.24
-696.58,118.47
-696.57,118.69
-696.57,118.92
-696.57,119.14
-696.56,119.37
-696.56,119.59
-696.56,119.82
-696.56,120.05
-696.55,120.28
-696.55,120.51
-696.55,120.74
-696.55,120.97
-696.54,121.21
-696.54,121.44
-696.54,121.67
-696.53,121.91
-696.53,122.14
-696.52,122.38
-696.52,122.62
-696.52,122.85
-696.51,123.09
-696.51,123.33
-696.51,123.57
-696.5,123.81
-696.5,124.05
-696.5,124.29
-696.49,124.54
-696.49,124.78
-696.49,125.03
-696.49,125.27
-696.48,125.52
-696.48,125.76
-696.48,126.01
-696.48,126.26
-696.47,126.51
-696.47,126.75
-696.47,127
-696.46,127.25
-696.46,127.5
-696.46,127.76
-696.46,128.01
-696.45,128.26
-696.45,128.51
-696.45,128.77
-696.44,129.02
-696.44,129.28
-696.44,129.53
-696.43,129.79
-696.43,130.05
-696.42,130.3
-696.42,130.56
-696.42,130.82
-696.41,131.08
-696.41,131.34
-696.41,131.6
-696.4,131.86
-696.4,132.12
-696.39,132.38
-696.39,132.65
-696.39,132.91
-696.38,133.18
-696.38,133.44
-696.38,133.71
-696.38,133.98
-696.37,134.24
-696.37,134.51
-696.37,134.78
-696.36,135.05
-696.36,135.32
-696.36,135.59
-696.35,135.86
-696.35,136.13
-696.35,136.4
-696.35,136.67
-696.34,136.95
-696.34,137.22
-696.34,137.49
-696.34,137.77
-696.33,138.04
-696.33,138.32
-696.33,138.59
-696.32,138.87
-696.32,139.15
-696.32,139.43
-696.31,139.7
-696.31,139.98
-696.31,140.26
-696.3,140.54
-696.3,140.82
-696.3,141.1
-696.29,141.38
-696.29,141.66
-696.29,141.94
-696.28,142.23
-696.28,142.51
-696.27,142.79
-696.27,143.08
-696.27,143.36
-696.26,143.65
-696.26,143.93
-696.25,144.22
-696.25,144.5
-696.25,144.79
-696.24,145.07
-696.24,145.36
-696.24,145.65
-696.23,145.94
-696.23,146.23
-696.23,146.51
-696.22,146.8
-696.22,147.09
-696.22,147.38
-696.21,147.67
-696.21,147.96
-696.21,148.26
-696.21,148.55
-696.21,148.84
-696.2,149.14
-696.2,149.43
-696.2,149.73
-696.2,150.02
-696.2,150.32
-696.2,150.61
-696.2,150.91
-696.2,151.21
-696.19,151.51
-696.19,151.8
-696.19,152.1
-696.19,152.4
-696.19,152.7
-696.19,153
-696.18,153.3
-696.18,153.59
-696.18,153.89
-696.18,154.19
-696.18,154.4
-696.18,154.6
-696.17,154.8
-696.17,155
-696.17,155.2
-696.17,155.4
-696.17,155.6
-696.17,155.81
-696.16,156.01
-696.16,156.21
-696.16,156.41
-696.16,156.61
-696.16,156.82
-696.16,157.02
-696.16,157.22
-696.16,157.43
-696.15,157.63
-696.15,157.83
-696.15,158.04
-696.15,158.24
-696.15,158.44
-696.15,158.65
-696.15,158.85
-696.15,159.05
-696.14,159.26
-696.14,159.46
-696.14,159.67
-696.14,159.87
-696.14,160.08
-696.14,160.28
-696.14,160.48
-696.14,160.69
-696.14,160.89
-696.14,161.1
-696.14,161.3
-696.14,161.51
-696.13,161.71
-696.13,161.92
-696.13,162.12
-696.13,162.33
-696.13,162.54
-696.13,162.74
-696.13,162.95
-696.12,163.16
-696.12,163.36
-696.12,163.57
-696.12,163.78
-696.12,163.98
-696.12,164.19
-696.12,164.4
-696.12,164.6
-696.12,164.81
-696.12,165.02
-696.11,165.23
-696.11,165.43
-696.11,165.64
-696.11,165.85
-696.11,166.06
-696.11,166.26
-696.11,166.47
-696.11,166.68
-696.11,166.89
-696.11,167.09
-696.11,167.3
-696.1,167.51
-696.1,167.72
-696.1,167.93
-696.1,168.13
-696.1,168.34
-696.1,168.55
-696.1,168.76
-696.1,168.97
-696.1,169.17
-696.09,169.38
-696.09,169.59
-696.09,169.8
-696.09,170.01
-696.09,170.22
-696.09,170.43
-696.09,170.64
-696.09,170.85
-696.09,171.06
-696.09,171.27
-696.09,171.48
-696.09,171.69
-696.09,171.9
-696.09,172.11
-696.09,172.32
-696.09,172.53
-696.09,172.74
-696.08,172.95
-696.08,173.16
-696.08,173.37
-696.08,173.58
-696.08,173.79
-696.08,174
-696.08,174.21
-696.08,174.43
-696.08,174.64
-696.08,174.85
-696.08,175.06
-696.08,175.27
-696.07,175.48
-696.07,175.69
-696.07,175.91
-696.07,176.12
-696.07,176.33
-696.07,176.54
-696.07,176.75
-696.07,176.97
-696.07,177.18
-696.07,177.39
-696.07,177.6
-696.06,177.81
-696.06,178.03
-696.06,178.24
-696.06,178.45
-696.06,178.66
-696.06,178.88
-696.06,179.09
-696.05,179.3
-696.05,179.51
-696.05,179.73
-696.05,179.94
-696.05,180.15
-696.05,180.36
-696.05,180.58
-696.05,180.79
-696.04,181
-696.04,181.21
-696.04,181.43
-696.04,181.64
-696.04,181.85
-696.04,182.06
-696.03,182.28
-696.03,182.49
-696.03,182.7
-696.03,182.91
-696.03,183.13
-696.03,183.34
-696.02,183.55
-696.02,183.77
-696.02,183.98
-696.02,184.19
-696.02,184.41
-696.02,184.62
-696.01,184.83
-696.01,185.05
-696.01,185.26
-696.01,185.48
-696.01,185.69
-696,185.9
-696,186.12
-696,186.33
-696,186.54
-696,186.76
-695.99,186.97
-695.99,187.18
-695.99,187.4
-695.99,187.61
-695.99,187.82
-695.98,188.04
-695.98,188.25
-695.98,188.46
-695.98,188.68
-695.97,188.89
-695.97,189.1
-695.97,189.31
-695.96,189.53
-695.96,189.74
-695.96,189.95
-695.96,190.16
-695.95,190.38
-695.95,190.59
-695.95,190.8
-695.95,191.02
-695.94,191.23
-695.94,191.44
-695.94,191.66
-695.93,191.87
-695.93,192.08
-695.93,192.3
-695.93,192.51
-695.92,192.72
-695.92,192.94
-695.92,193.15
-695.91,193.36
-695.91,193.57
-695.91,193.79
-695.91,194
-695.9,194.21
-695.9,194.42
-695.9,194.63
-695.9,194.85
-695.89,195.06
-695.89,195.27
-695.89,195.48
-695.89,195.69
-695.88,195.9
-695.88,196.12
-695.88,196.33
-695.88,196.54
-695.87,196.75
-695.87,196.96
-695.87,197.17
-695.87,197.38
-695.86,197.59
-695.86,197.8
-695.86,198.02
-695.86,198.23
-695.86,198.44
-695.85,198.65
-695.85,198.86
-695.85,199.07
-695.85,199.28
-695.84,199.49
-695.84,199.7
-695.84,199.91
-695.84,200.12
-695.83,200.33
-695.83,200.54
-695.83,200.75
-695.83,200.96
-695.82,201.17
-695.82,201.38
-695.82,201.59
-695.82,201.8
-695.81,202
-695.81,202.21
-695.81,202.42
-695.81,202.63
-695.81,202.84
-695.8,203.05
-695.8,203.26
-695.8,203.47
-695.8,203.68
-695.8,203.88
-695.79,204.09
-695.79,204.3
-695.79,204.51
-695.79,204.72
-695.79,204.92
-695.79,205.13
-695.79,205.34
-695.78,205.55
-695.78,205.75
-695.78,205.96
-695.78,206.17
-695.78,206.37
-695.78,206.58
-695.77,206.79
-695.77,206.99
-695.77,207.2
-695.77,207.41
-695.77,207.61
-695.76,207.82
-695.76,208.03
-695.76,208.24
-695.76,208.44
-695.76,208.65
-695.76,208.86
-695.76,209.06
-695.75,209.27
-695.75,209.48
-695.75,209.69
-695.75,209.89
-695.75,210.1
-695.75,210.31
-695.74,210.52
-695.74,210.72
-695.74,210.93
-695.74,211.14
-695.74,211.34
-695.74,211.55
-695.74,211.76
-695.73,211.96
-695.73,212.17
-695.73,212.38
-695.73,212.58
-695.73,212.79
-695.73,213
-695.73,213.2
-695.73,213.41
-695.72,213.62
-695.72,213.82
-695.72,214.03
-695.72,214.24
-695.72,214.44
-695.72,214.65
-695.72,214.86
-695.72,215.07
-695.72,215.27
-695.71,215.48
-695.71,215.69
-695.71,215.9
-695.71,216.1
-695.71,216.31
-695.71,216.52
-695.71,216.72
-695.71,216.93
-695.71,217.14
-695.71,217.34
-695.71,217.55
-695.71,217.76
-695.71,217.96
-695.71,218.17
-695.71,218.37
-695.7,218.58
-695.7,218.79
-695.7,218.99
-695.7,219.2
-695.7,219.41
-695.7,219.61
-695.7,219.82
-695.7,220.03
-695.7,220.24
-695.7,220.44
-695.7,220.65
-695.69,220.85
-695.69,221.06
-695.69,221.27
-695.69,221.47
-695.69,221.68
-695.69,221.88
-695.69,222.09
-695.69,222.29
-695.69,222.5
-695.69,222.7
-695.68,222.91
-695.68,223.11
-695.68,223.32
-695.68,223.52
-695.68,223.73
-695.68,223.93
-695.68,224.14
-695.68,224.34
-695.68,224.55
-695.68,224.76
-695.67,224.96
-695.67,225.17
-695.67,225.37
-695.67,225.58
-695.67,225.78
-695.67,225.99
-695.67,226.19
-695.66,226.4
-695.66,226.6
-695.66,226.81
-695.66,227.01
-695.66,227.22
-695.66,227.42
-695.66,227.63
-695.66,227.84
-695.65,228.04
-695.65,228.25
-695.65,228.45
-695.65,228.66
-695.65,228.86
-695.65,229.07
-695.65,229.28
-695.64,229.48
-695.64,229.69
-695.64,229.89
-695.64,230.1
-695.64,230.31
-695.64,230.51
-695.64,230.72
-695.63,230.93
-695.63,231.13
-695.63,231.34
-695.63,231.55
-695.63,231.75
-695.63,231.96
-695.62,232.17
-695.62,232.38
-695.62,232.58
-695.62,232.79
-695.62,233
-695.62,233.21
-695.61,233.41
-695.61,233.62
-695.61,233.83
-695.61,234.04
-695.6,234.25
-695.6,234.46
-695.6,234.66
-695.6,234.87
-695.6,235.08
-695.59,235.29
-695.59,235.5
-695.59,235.71
-695.59,235.92
-695.59,236.13
-695.58,236.33
-695.58,236.54
-695.58,236.75
-695.58,236.96
-695.57,237.17
-695.57,237.38
-695.57,237.59
-695.57,237.8
-695.57,238.01
-695.56,238.22
-695.56,238.43
-695.56,238.64
-695.56,238.85
-695.56,239.06
-695.56,239.28
-695.55,239.49
-695.55,239.7
-695.55,239.91
-695.55,240.12
-695.55,240.33
-695.55,240.54
-695.54,240.75
-695.54,240.96
-695.54,241.18
-695.54,241.39
-695.54,241.6
-695.54,241.81
-695.53,242.02
-695.53,242.23
-695.53,242.45
-695.53,242.66
-695.53,242.87
-695.52,243.08
-695.52,243.29
-695.52,243.51
-695.52,243.72
-695.52,243.93
-695.51,244.14
-695.51,244.36
-695.51,244.57
-695.51,244.78
-695.51,245
-695.51,245.21
-695.51,245.42
-695.5,245.63
-695.5,245.85
-695.5,246.06
-695.5,246.27
-695.5,246.48
-695.5,246.7
-695.49,246.91
-695.49,247.12
-695.49,247.33
-695.49,247.54
-695.48,247.75
-695.48,247.96
-695.48,248.18
-695.48,248.39
-695.48,248.6
-695.47,248.81
-695.47,249.02
-695.47,249.23
-695.47,249.44
-695.46,249.65
-695.46,249.86
-695.46,250.07
-695.46,250.28
-695.46,250.49
-695.45,250.7
-695.45,250.91
-695.45,251.12
-695.45,251.33
-695.44,251.54
-695.44,251.75
-695.44,251.96
-695.43,252.17
-695.43,252.38
-695.43,252.59
-695.43,252.79
-695.43,253
-695.42,253.21
-695.42,253.42
-695.42,253.63
-695.41,253.84
-695.41,254.04
-695.41,254.25
-695.41,254.46
-695.4,254.67
-695.4,254.88
-695.4,255.08
-695.39,255.29
-695.39,255.5
-695.39,255.71
-695.39,255.91
-695.39,256.12
-695.38,256.33
-695.38,256.54
-695.38,256.74
-695.38,256.95
-695.37,257.16
-695.37,257.36
-695.37,257.57
-695.37,257.77
-695.36,257.98
-695.36,258.19
-695.36,258.39
-695.36,258.6
-695.36,258.8
-695.35,259.01
-695.35,259.21
-695.35,259.42
-695.35,259.62
-695.35,259.83
-695.34,260.03
-695.34,260.24
-695.34,260.44
-695.33,260.65
-695.33,260.85
-695.33,261.06
-695.33,261.26
-695.32,261.47
-695.32,261.67
-695.32,261.88
-695.32,262.08
-695.32,262.29
-695.32,262.49
-695.31,262.69
-695.31,262.9
-695.31,263.1
-695.31,263.31
-695.31,263.51
-695.31,263.71
-695.31,263.92
-695.31,264.12
-695.3,264.32
-695.3,264.53
-695.3,264.73
-695.3,264.93
-695.3,265.13
-695.3,265.34
-695.3,265.54
-695.3,265.74
-695.3,265.94
-695.3,266.14
-695.3,266.35
-695.3,266.55
-695.29,266.75
-695.29,266.95
-695.29,267.15
-695.29,267.35
-695.29,267.65
-695.29,267.95
-695.29,268.25
-695.29,268.55
-695.29,268.85
-695.29,269.15
-695.3,269.45
-695.3,269.75
-695.3,270.05
-695.3,270.35
-695.3,270.65
-695.3,270.95
-695.3,271.25
-695.3,271.55
-695.3,271.84
-695.31,272.14
-695.31,272.44
-695.31,272.73
-695.31,273.03
-695.31,273.33
-695.31,273.63
-695.31,273.93
-695.31,274.22
-695.31,274.52
-695.31,274.82
-695.32,275.12
-695.32,275.41
-695.32,275.71
-695.32,276.01
-695.32,276.31
-695.32,276.6
-695.32,276.9
-695.33,277.2
-695.33,277.5
-695.33,277.79
-695.34,278.09
-695.34,278.39
-695.34,278.69
-695.35,278.99
-695.35,279.28
-695.35,279.58
-695.36,279.88
-695.36,280.18
-695.37,280.48
-695.37,280.78
-695.38,281.08
-695.38,281.38
-695.39,281.68
-695.39,281.98
-695.4,282.28
-695.4,282.58
-695.41,282.88
-695.42,283.18
-695.42,283.48
-695.43,283.78
-695.43,283.98
-695.44,284.18
-695.44,284.38
-695.45,284.58
-695.45,284.78
-695.46,284.98
-695.47,285.18
-695.47,285.38
-695.48,285.58
-695.49,285.78
-695.49,285.98
-695.5,286.19
-695.51,286.39
-695.51,286.59
-695.52,286.79
-695.53,286.99
-695.54,287.19
-695.55,287.49
-695.56,287.69
-695.57,287.99
-695.58,288.19
-695.59,288.39
-695.6,288.59
-695.61,288.79
-695.62,288.99
-695.63,289.19
-695.63,289.39
-695.64,289.59
-695.66,289.79
-695.67,289.99
-695.68,290.2
-695.69,290.4
-695.7,290.6
-695.71,290.8
-695.72,291
-695.73,291.2
-695.75,291.4
-695.76,291.6
-695.77,291.8
-695.78,292
-695.8,292.2
-695.81,292.4
-695.82,292.6
-695.84,292.8
-695.85,293
-695.86,293.21
-695.88,293.41
-695.89,293.61
-695.91,293.81
-695.92,294.01
-695.94,294.21
-695.96,294.41
-695.97,294.61
-695.99,294.81
-696,295.01
-696.02,295.21
-696.04,295.41
-696.05,295.61
-696.07,295.82
-696.09,296.02
-696.1,296.22
-696.12,296.42
-696.14,296.62
-696.16,296.82
-696.17,297.02
-696.19,297.22
-696.21,297.43
-696.23,297.63
-696.25,297.83
-696.26,298.03
-696.28,298.23
-696.3,298.43
-696.32,298.64
-696.34,298.84
-696.36,299.04
-696.38,299.24
-696.4,299.44
-696.42,299.64
-696.44,299.84
-696.45,300.05
-696.47,300.25
-696.49,300.45
-696.51,300.65
-696.53,300.85
-696.55,301.05
-696.57,301.26
-696.59,301.46
-696.61,301.66
-696.63,301.86
-696.65,302.06
-696.67,302.27
-696.69,302.47
-696.71,302.67
-696.73,302.87
-696.75,303.07
-696.77,303.27
-696.8,303.48
-696.82,303.68
-696.84,303.88
-696.86,304.08
-696.88,304.28
-696.9,304.48
-696.92,304.68
-696.94,304.89
-696.96,305.09
-696.99,305.29
-697.01,305.49
-697.03,305.69
-697.05,305.9
-697.08,306.1
-697.1,306.3
-697.12,306.5
-697.15,306.71
-697.17,306.91
-697.19,307.11
-697.21,307.32
-697.24,307.52
-697.26,307.72
-697.28,307.92
-697.3,308.13
-697.32,308.33
-697.35,308.53
-697.37,308.73
-697.39,308.94
-697.41,309.14
-697.43,309.34
-697.45,309.54
-697.47,309.75
-697.5,309.95
-697.52,310.15
-697.54,310.35
-697.56,310.56
-697.58,310.76
-697.6,310.96
-697.62,311.17
-697.65,311.37
-697.67,311.57
-697.69,311.78
-697.71,311.98
-697.73,312.19
-697.75,312.39
-697.78,312.59
-697.8,312.8
-697.82,313
-697.84,313.2
-697.86,313.41
-697.88,313.61
-697.91,313.82
-697.93,314.02
-697.95,314.22
-697.97,314.43
-697.99,314.63
-698.01,314.84
-698.03,315.04
-698.05,315.24
-698.07,315.45
-698.09,315.65
-698.11,315.86
-698.13,316.06
-698.15,316.27
-698.17,316.47
-698.19,316.68
-698.21,316.88
-698.23,317.08
-698.25,317.29
-698.27,317.49
-698.29,317.7
-698.31,317.9
-698.33,318.11
-698.35,318.31
-698.37,318.52
-698.39,318.72
-698.41,318.93
-698.43,319.13
-698.45,319.34
-698.46,319.54
-698.48,319.75
-698.5,319.95
-698.52,320.16
-698.54,320.36
-698.56,320.57
-698.58,320.77
-698.6,320.98
-698.62,321.18
-698.63,321.39
-698.65,321.59
-698.67,321.8
-698.69,322
-698.71,322.21
-698.73,322.42
-698.74,322.62
-698.76,322.83
-698.78,323.03
-698.8,323.24
-698.82,323.44
-698.83,323.65
-698.85,323.85
-698.87,324.06
-698.88,324.27
-698.9,324.47
-698.92,324.68
-698.93,324.88
-698.95,325.09
-698.97,325.29
-698.98,325.5
-699,325.71
-699.01,325.91
-699.03,326.12
-699.04,326.32
-699.06,326.53
-699.07,326.74
-699.08,326.94
-699.1,327.15
-699.11,327.36
-699.12,327.56
-699.14,327.77
-699.15,327.98
-699.16,328.18
-699.18,328.39
-699.19,328.6
-699.2,328.8
-699.21,329.01
-699.23,329.22
-699.24,329.42
-699.25,329.63
-699.26,329.84
-699.27,330.05
-699.28,330.25
-699.29,330.46
-699.3,330.67
-699.31,330.88
-699.32,331.08
-699.33,331.29
-699.34,331.5
-699.35,331.71
-699.36,331.91
-699.37,332.12
-699.38,332.33
-699.38,332.54
-699.39,332.74
-699.4,332.95
-699.41,333.16
-699.42,333.36
-699.43,333.57
-699.43,333.78
-699.44,333.99
-699.45,334.2
-699.46,334.4
-699.46,334.61
-699.47,334.82
-699.48,335.03
-699.49,335.23
-699.49,335.44
-699.5,335.65
-699.51,335.86
-699.52,336.06
-699.52,336.27
-699.53,336.48
-699.54,336.69
-699.54,336.9
-699.55,337.11
-699.56,337.32
-699.56,337.52
-699.57,337.73
-699.58,337.94
-699.58,338.15
-699.59,338.36
-699.59,338.57
-699.6,338.78
-699.61,338.98
-699.61,339.19
-699.62,339.4
-699.62,339.61
-699.63,339.82
-699.63,340.03
-699.64,340.24
-699.64,340.45
-699.65,340.66
-699.65,340.87
-699.66,341.07
-699.66,341.28
-699.66,341.49
-699.67,341.7
-699.67,341.91
-699.67,342.12
-699.68,342.33
-699.68,342.54
-699.68,342.75
-699.69,342.96
-699.69,343.17
-699.69,343.38
-699.7,343.59
-699.7,343.8
-699.7,344.01
-699.7,344.22
-699.7,344.43
-699.7,344.64
-699.71,344.85
-699.71,345.06
-699.71,345.27
-699.71,345.48
-699.71,345.69
-699.71,345.9
-699.71,346.1
-699.71,346.32
-699.71,346.53
-699.71,346.74
-699.71,346.95
-699.71,347.16
-699.71,347.37
-699.71,347.58
-699.71,347.79
-699.71,348
-699.71,348.21
-699.71,348.42
-699.71,348.63
-699.71,348.84
-699.71,349.06
-699.71,349.27
-699.71,349.48
-699.71,349.69
-699.71,349.9
-699.71,350.11
-699.71,350.32
-699.71,350.53
-699.71,350.74
-699.71,350.95
-699.71,351.16
-699.71,351.37
-699.71,351.58
-699.71,351.8
-699.7,352.01
-699.7,352.22
-699.7,352.43
-699.7,352.64
-699.7,352.86
-699.7,353.07
-699.7,353.28
-699.7,353.49
-699.69,353.71
-699.69,353.92
-699.69,354.13
-699.69,354.34
-699.69,354.55
-699.68,354.77
-699.68,354.98
-699.68,355.19
-699.68,355.4
-699.68,355.61
-699.68,355.83
-699.67,356.04
-699.67,356.25
-699.67,356.46
-699.67,356.68
-699.67,356.89
-699.67,357.1
-699.66,357.32
-699.66,357.53
-699.66,357.74
-699.66,357.96
-699.66,358.17
-699.66,358.39
-699.66,358.6
-699.65,358.81
-699.65,359.03
-699.65,359.24
-699.65,359.45
-699.65,359.67
-699.64,359.88
-699.64,360.09
-699.64,360.31
-699.64,360.52
-699.64,360.73
-699.63,360.95
-699.63,361.16
-699.63,361.37
-699.63,361.59
-699.63,361.8
-699.62,362.02
-699.62,362.23
-699.62,362.44
-699.62,362.66
-699.61,362.87
-699.61,363.09
-699.61,363.3
-699.6,363.52
-699.6,363.73
-699.6,363.95
-699.6,364.16
-699.59,364.37
-699.59,364.59
-699.59,364.8
-699.59,365.02
-699.58,365.23
-699.58,365.45
-699.58,365.66
-699.58,365.87
-699.58,366.09
-699.58,366.3
-699.57,366.52
-699.57,366.73
-699.57,366.95
-699.57,367.16
-699.57,367.38
-699.56,367.59
-699.56,367.81
-699.56,368.03
-699.56,368.24
-699.56,368.46
-699.56,368.67
-699.55,368.89
-699.55,369.1
-699.55,369.32
-699.55,369.53
-699.55,369.75
-699.54,369.96
-699.54,370.18
-699.54,370.39
-699.54,370.61
-699.54,370.82
-699.53,371.04
-699.53,371.25
-699.53,371.47
-699.53,371.68
-699.52,371.9
-699.52,372.11
-699.52,372.33
-699.52,372.54
-699.51,372.76
-699.51,372.97
-699.51,373.19
-699.5,373.4
-699.5,373.62
-699.5,373.84
-699.49,374.05
-699.49,374.27
-699.49,374.48
-699.49,374.7
-699.48,374.92
-699.48,375.13
-699.48,375.35
-699.48,375.57
-699.47,375.78
-699.47,376
-699.47,376.21
-699.47,376.43
-699.46,376.65
-699.46,376.86
-699.46,377.08
-699.45,377.3
-699.45,377.51
-699.45,377.73
-699.45,377.95
-699.45,378.16
-699.44,378.38
-699.44,378.59
-699.44,378.81
-699.44,379.03
-699.44,379.24
-699.43,379.46
-699.43,379.68
-699.43,379.9
-699.43,380.11
-699.43,380.33
-699.42,380.55
-699.42,380.77
-699.42,380.98
-699.42,381.2
-699.42,381.42
-699.42,381.64
-699.41,381.86
-699.41,382.07
-699.41,382.29
-699.41,382.51
-699.41,382.73
-699.41,382.95
-699.41,383.16
-699.41,383.38
-699.4,383.6
-699.4,383.82
-699.4,384.04
-699.4,384.25
-699.4,384.47
-699.4,384.69
-699.39,384.91
-699.39,385.13
-699.39,385.34
-699.39,385.56
-699.39,385.78
-699.38,386
-699.38,386.22
-699.38,386.44
-699.38,386.65
-699.38,386.87
-699.37,387.09
-699.37,387.31
-699.37,387.53
-699.37,387.75
-699.37,387.97
-699.37,388.19
-699.37,388.41
-699.37,388.63
-699.37,388.85
-699.36,389.07
-699.36,389.28
-699.36,389.5
-699.36,389.72
-699.36,389.94
-699.36,390.16
-699.36,390.38
-699.36,390.6
-699.36,390.82
-699.36,391.04
-699.35,391.26
-699.35,391.48
-699.35,391.7
-699.35,391.92
-699.35,392.15
-699.35,392.37
-699.35,392.59
-699.35,392.81
-699.35,393.03
-699.35,393.25
-699.35,393.47
-699.35,393.69
-699.35,393.91
-699.35,394.13
-699.35,394.36
-699.35,394.58
-699.35,394.8
-699.35,395.02
-699.35,395.24
-699.35,395.46
-699.35,395.68
-699.35,395.9
-699.34,396.12
-699.34,396.34
-699.34,396.57
-699.34,396.79
-699.34,397.01
-699.34,397.23
-699.34,397.45
-699.34,397.67
-699.34,397.89
-699.34,398.11
-699.33,398.34
-699.33,398.56
-699.33,398.78
-699.33,399
-699.33,399.23
-699.33,399.45
-699.33,399.67
-699.33,399.9
-699.33,400.12
-699.32,400.34
-699.32,400.57
-699.32,400.79
-699.32,401.01
-699.32,401.24
-699.32,401.46
-699.32,401.68
-699.31,401.9
-699.31,402.13
-699.31,402.35
-699.31,402.58
-699.31,402.8
-699.31,403.02
-699.31,403.25
-699.31,403.47
-699.31,403.7
-699.3,403.92
-699.3,404.14
-699.3,404.37
-699.3,404.59
-699.3,404.82
-699.3,405.04
-699.3,405.27
-699.3,405.49
-699.3,405.72
-699.3,405.94
-699.3,406.17
-699.3,406.39
-699.3,406.62
-699.3,406.84
-699.29,407.07
-699.29,407.29
-699.29,407.52
-699.29,407.75
-699.29,407.97
-699.29,408.2
-699.29,408.42
-699.29,408.65
-699.29,408.88
-699.29,409.1
-699.29,409.33
-699.28,409.55
-699.28,409.78
-699.28,410.01
-699.28,410.23
-699.28,410.46
-699.28,410.69
-699.28,410.91
-699.28,411.14
-699.28,411.37
-699.27,411.6
-699.27,411.82
-699.27,412.05
-699.27,412.28
-699.27,412.51
-699.27,412.74
-699.27,412.96
-699.27,413.19
-699.27,413.42
-699.27,413.65
-699.27,413.88
-699.27,414.11
-699.27,414.33
-699.27,414.56
-699.26,414.79
-699.26,415.02
-699.26,415.25
-699.26,415.47
-699.26,415.7
-699.26,415.93
-699.26,416.16
-699.26,416.39
-699.26,416.61
-699.25,416.84
-699.25,417.07
-699.25,417.3
-699.25,417.53
-699.25,417.76
-699.25,417.99
-699.25,418.22
-699.25,418.45
-699.25,418.68
-699.24,418.91
-699.24,419.14
-699.24,419.37
-699.24,419.6
-699.24,419.83
-699.24,420.06
-699.24,420.29
-699.24,420.52
-699.23,420.75
-699.23,420.98
-699.23,421.21
-699.23,421.44
-699.23,421.67
-699.22,421.9
-699.22,422.13
-699.22,422.36
-699.22,422.59
-699.21,422.82
-699.21,423.05
-699.21,423.28
-699.21,423.51
-699.2,423.74
-699.2,423.97
-699.2,424.2
-699.2,424.43
-699.2,424.66
-699.19,424.9
-699.19,425.13
-699.19,425.36
-699.19,425.59
-699.18,425.82
-699.18,426.05
-699.18,426.28
-699.17,426.51
-699.17,426.75
-699.17,426.98
-699.17,427.21
-699.16,427.44
-699.16,427.67
-699.16,427.9
-699.15,428.13
-699.15,428.36
-699.15,428.6
-699.14,428.83
-699.14,429.06
-699.14,429.29
-699.13,429.52
-699.13,429.76
-699.13,429.99
-699.13,430.22
-699.12,430.45
-699.12,430.69
-699.12,430.92
-699.12,431.15
-699.11,431.38
-699.11,431.61
-699.11,431.85
-699.11,432.08
-699.1,432.31
-699.1,432.54
-699.1,432.78
-699.1,433.01
-699.09,433.24
-699.09,433.47
-699.09,433.71
-699.08,433.94
-699.08,434.17
-699.08,434.41
-699.08,434.64
-699.07,434.87
-699.07,435.11
-699.07,435.34
-699.07,435.58
-699.06,435.81
-699.06,436.04
-699.06,436.28
-699.06,436.51
-699.05,436.75
-699.05,436.98
-699.05,437.21
-699.05,437.45
-699.05,437.68
-699.04,437.92
-699.04,438.15
-699.04,438.39
-699.04,438.62
-699.03,438.86
-699.03,439.09
-699.03,439.33
-699.03,439.56
-699.03,439.8
-699.02,440.03
-699.02,440.27
-699.02,440.51
-699.02,440.74
-699.01,440.98
-699.01,441.21
-699.01,441.45
-699.01,441.68
-699.01,441.92
-699,442.15
-699,442.39
-699,442.63
-698.99,442.86
-698.99,443.1
-698.99,443.33
-698.99,443.57
-698.98,443.81
-698.98,444.04
-698.98,444.28
-698.98,444.51
-698.98,444.75
-698.98,444.98
-698.97,445.22
-698.97,445.45
-698.97,445.69
-698.97,445.92
-698.97,446.16
-698.97,446.39
-698.96,446.62
-698.96,446.86
-698.96,447.09
-698.96,447.32
-698.96,447.56
-698.96,447.79
-698.95,448.02
-698.95,448.25
-698.95,448.49
-698.95,448.72
-698.95,448.95
-698.95,449.18
-698.95,449.42
-698.94,449.65
-698.94,449.88
-698.94,450.11
-698.94,450.34
-698.94,450.57
-698.94,450.81
-698.94,451.04
-698.94,451.27
-698.94,451.5
-698.93,451.73
-698.93,451.96
-698.93,452.19
-698.93,452.42
-698.93,452.65
-698.93,452.88
-698.93,453.11
-698.93,453.34
-698.93,453.57
-698.93,453.8
-698.93,454.03
-698.93,454.26
-698.93,454.49
-698.93,454.71
-698.93,454.94
-698.93,455.17
-698.93,455.4
-698.93,455.63
-698.93,455.86
-698.93,456.08
-698.93,456.31
-698.93,456.54
-698.93,456.77
-698.93,456.99
-698.93,457.22
-698.93,457.45
-698.93,457.67
-698.93,457.9
-698.93,458.13
-698.93,458.35
-698.93,458.58
-698.93,458.8
-698.93,459.03
-698.93,459.26
-698.93,459.48
-698.93,459.71
-698.93,459.93
-698.93,460.16
-698.93,460.38
-698.93,460.61
-698.93,460.83
-698.93,461.06
-698.93,461.28
-698.93,461.51
-698.93,461.73
-698.92,461.96
-698.92,462.18
-698.92,462.4
-698.92,462.63
-698.92,462.85
-698.92,463.08
-698.92,463.3
-698.92,463.52
-698.92,463.75
-698.92,463.97
-698.92,464.19
-698.91,464.42
-698.91,464.64
-698.91,464.86
-698.91,465.09
-698.91,465.31
-698.91,465.53
-698.91,465.76
-698.9,465.98
-698.9,466.2
-698.9,466.43
-698.9,466.65
-698.9,466.87
-698.89,467.1
-698.89,467.32
-698.89,467.54
-698.89,467.76
-698.89,467.99
-698.89,468.21
-698.88,468.43
-698.88,468.66
-698.88,468.88
-698.88,469.1
-698.88,469.33
-698.88,469.55
-698.87,469.77
-698.87,469.99
-698.87,470.22
-698.87,470.44
-698.87,470.66
-698.87,470.89
-698.86,471.11
-698.86,471.34
-698.86,471.56
-698.86,471.78
-698.86,472.01
-698.85,472.23
-698.85,472.46
-698.85,472.68
-698.85,472.9
-698.85,473.13
-698.84,473.35
-698.84,473.58
-698.84,473.8
-698.84,474.02
-698.84,474.25
-698.84,474.47
-698.83,474.69
-698.83,474.92
-698.83,475.14
-698.83,475.36
-698.83,475.59
-698.83,475.81
-698.83,476.03
-698.82,476.26
-698.82,476.48
-698.82,476.7
-698.82,476.93
-698.82,477.15
-698.82,477.38
-698.82,477.6
-698.81,477.83
-698.81,478.05
-698.81,478.28
-698.81,478.5
-698.81,478.73
-698.81,478.95
-698.81,479.17
-698.8,479.4
-698.8,479.62
-698.8,479.85
-698.8,480.07
-698.8,480.29
-698.8,480.52
-698.79,480.74
-698.79,480.96
-698.79,481.19
-698.79,481.41
-698.78,481.64
-698.78,481.86
-698.78,482.08
-698.78,482.31
-698.78,482.53
-698.77,482.76
-698.77,482.98
-698.77,483.21
-698.77,483.43
-698.76,483.66
-698.76,483.88
-698.76,484.11
-698.76,484.33
-698.76,484.56
-698.75,484.78
-698.75,485.01
-698.75,485.23
-698.75,485.46
-698.75,485.68
-698.74,485.9
-698.74,486.13
-698.74,486.35
-698.74,486.58
-698.73,486.8
-698.73,487.02
-698.73,487.25
-698.73,487.47
-698.73,487.7
-698.72,487.92
-698.72,488.15
-698.72,488.37
-698.72,488.6
-698.71,488.82
-698.71,489.04
-698.71,489.27
-698.71,489.49
-698.7,489.72
-698.7,489.94
-698.7,490.17
-698.7,490.39
-698.69,490.62
-698.69,490.84
-698.69,491.07
-698.69,491.29
-698.68,491.52
-698.68,491.74
-698.68,491.97
-698.68,492.19
-698.68,492.42
-698.67,492.64
-698.67,492.87
-698.67,493.09
-698.66,493.32
-698.66,493.54
-698.66,493.77
-698.66,494
-698.66,494.22
-698.65,494.45
-698.65,494.67
-698.65,494.9
-698.65,495.13
-698.64,495.35
-698.64,495.58
-698.64,495.81
-698.64,496.03
-698.64,496.26
-698.63,496.48
-698.63,496.71
-698.63,496.94
-698.63,497.16
-698.63,497.39
-698.62,497.62
-698.62,497.84
-698.62,498.07
-698.62,498.3
-698.61,498.53
-698.61,498.75
-698.61,498.98
-698.61,499.21
-698.6,499.44
-698.6,499.66
-698.6,499.89
-698.59,500.12
-698.59,500.35
-698.59,500.58
-698.59,500.81
-698.59,501.03
-698.58,501.26
-698.58,501.49
-698.58,501.72
-698.57,501.95
-698.57,502.18
-698.57,502.41
-698.57,502.64
-698.56,502.87
-698.56,503.1
-698.56,503.33
-698.55,503.56
-698.55,503.79
-698.55,504.02
-698.55,504.25
-698.54,504.48
-698.54,504.71
-698.54,504.94
-698.53,505.16
-698.53,505.4
-698.53,505.63
-698.52,505.86
-698.52,506.09
-698.52,506.32
-698.52,506.55
-698.51,506.78
-698.51,507.01
-698.51,507.24
-698.5,507.47
-698.5,507.7
-698.5,507.93
-698.49,508.17
-698.49,508.4
-698.49,508.63
-698.48,508.86
-698.48,509.09
-698.48,509.32
-698.47,509.55
-698.47,509.78
-698.47,510.02
-698.46,510.25
-698.46,510.48
-698.46,510.71
-698.45,510.94
-698.45,511.18
-698.45,511.41
-698.45,511.64
-698.44,511.88
-698.44,512.11
-698.44,512.34
-698.44,512.57
-698.43,512.81
-698.43,513.04
-698.43,513.27
-698.43,513.5
-698.42,513.74
-698.42,513.97
-698.42,514.2
-698.42,514.43
-698.42,514.67
-698.41,514.9
-698.41,515.13
-698.41,515.36
-698.41,515.59
-698.41,515.82
-698.4,516.05
-698.4,516.28
-698.4,516.51
-698.4,516.75
-698.39,516.98
-698.39,517.21
-698.39,517.44
-698.39,517.67
-698.38,517.9
-698.38,518.13
-698.38,518.35
-698.38,518.58
-698.38,518.81
-698.37,519.04
-698.37,519.27
-698.37,519.5
-698.37,519.73
-698.37,519.96
-698.37,520.19
-698.36,520.42
-698.36,520.65
-698.36,520.87
-698.36,521.1
-698.36,521.33
-698.36,521.56
-698.36,521.79
-698.35,522.02
-698.35,522.25
-698.35,522.47
-698.35,522.7
-698.35,522.93
-698.35,523.15
-698.35,523.38
-698.35,523.61
-698.34,523.83
-698.34,524.06
-698.34,524.29
-698.34,524.51
-698.34,524.74
-698.34,524.96
-698.33,525.19
-698.33,525.41
-698.33,525.64
-698.33,525.86
-698.33,526.09
-698.33,526.31
-698.32,526.54
-698.32,526.76
-698.32,526.99
-698.32,527.21
-698.32,527.44
-698.32,527.66
-698.32,527.88
-698.31,528.1
-698.31,528.33
-698.31,528.55
-698.31,528.77
-698.31,528.99
-698.3,529.21
-698.3,529.44
-698.3,529.66
-698.3,529.88
-698.3,530.1
-698.3,530.32
-698.29,530.54
-698.29,530.76
-698.29,530.98
-698.29,531.21
-698.28,531.43
-698.28,531.65
-698.28,531.87
-698.28,532.09
-698.28,532.31
-698.27,532.53
-698.27,532.75
-698.27,532.97
-698.26,533.2
-698.26,533.42
-698.26,533.64
-698.26,533.86
-698.25,534.09
-698.25,534.31
-698.25,534.53
-698.25,534.75
-698.25,534.98
-698.24,535.2
-698.24,535.42
-698.24,535.64
-698.23,535.87
-698.23,536.09
-698.23,536.31
-698.22,536.53
-698.22,536.76
-698.22,536.98
-698.21,537.2
-698.21,537.42
-698.21,537.65
-698.21,537.87
-698.2,538.09
-698.2,538.31
-698.2,538.54
-698.19,538.76
-698.19,538.98
-698.19,539.21
-698.19,539.43
-698.18,539.65
-698.18,539.88
-698.18,540.1
-698.18,540.32
-698.17,540.55
-698.17,540.77
-698.17,540.99
-698.16,541.22
-698.16,541.44
-698.16,541.66
-698.16,541.89
-698.15,542.11
-698.15,542.33
-698.15,542.56
-698.14,542.78
-698.14,543.01
-698.14,543.23
-698.14,543.45
-698.13,543.68
-698.13,543.9
-698.13,544.12
-698.13,544.35
-698.12,544.57
-698.12,544.79
-698.12,545.02
-698.11,545.24
-698.11,545.46
-698.11,545.68
-698.1,545.91
-698.1,546.13
-698.1,546.35
-698.1,546.57
-698.09,546.79
-698.09,547.01
-698.09,547.24
-698.08,547.46
-698.08,547.68
-698.08,547.9
-698.07,548.12
-698.07,548.34
-698.07,548.56
-698.06,548.78
-698.06,549
-698.06,549.22
-698.05,549.44
-698.05,549.66
-698.05,549.88
-698.05,550.1
-698.04,550.32
-698.04,550.54
-698.04,550.76
-698.03,550.98
-698.03,551.2
-698.03,551.41
-698.03,551.63
-698.02,551.85
-698.02,552.07
-698.02,552.29
-698.02,552.5
-698.01,552.72
-698.01,552.94
-698.01,553.16
-698,553.37
-698,553.59
-698,553.81
-697.99,554.03
-697.99,554.24
-697.99,554.46
-697.98,554.67
-697.98,554.89
-697.98,555.11
-697.97,555.32
-697.97,555.54
-697.96,555.76
-697.96,555.97
-697.95,556.19
-697.95,556.4
-697.95,556.62
-697.94,556.83
-697.94,557.05
-697.94,557.26
-697.93,557.48
-697.93,557.69
-697.93,557.91
-697.92,558.12
-697.92,558.34
-697.92,558.55
-697.91,558.76
-697.91,558.98
-697.91,559.19
-697.9,559.4
-697.9,559.62
-697.9,559.83
-697.9,560.04
-697.9,560.26
-697.89,560.47
-697.89,560.68
-697.89,560.89
-697.88,561.11
-697.88,561.32
-697.88,561.53
-697.87,561.74
-697.87,561.95
-697.87,562.16
-697.87,562.37
-697.86,562.58
-697.86,562.8
-697.86,563.01
-697.86,563.22
-697.85,563.43
-697.85,563.64
-697.85,563.84
-697.85,564.06
-697.85,564.26
-697.84,564.47
-697.84,564.68
-697.84,564.89
-697.84,565.1
-697.84,565.31
-697.83,565.52
-697.83,565.73
-697.83,565.94
-697.83,566.14
-697.83,566.35
-697.83,566.56
-697.82,566.77
-697.82,566.98
-697.82,567.19
-697.82,567.4
-697.81,567.61
-697.81,567.82
-697.81,568.02
-697.81,568.23
-697.81,568.44
-697.8,568.65
-697.8,568.86
-697.8,569.07
-697.8,569.28
-697.8,569.49
-697.8,569.71
-697.79,569.92
-697.79,570.13
-697.79,570.34
-697.79,570.55
-697.79,570.76
-697.78,570.97
-697.78,571.19
-697.78,571.4
-697.78,571.61
-697.78,571.82
-697.78,572.03
-697.77,572.25
-697.77,572.46
-697.77,572.67
-697.77,572.88
-697.77,573.1
-697.77,573.31
-697.76,573.52
-697.76,573.74
-697.76,573.95
-697.76,574.16
-697.76,574.37
-697.75,574.59
-697.75,574.8
-697.75,575.02
-697.75,575.23
-697.75,575.44
-697.74,575.66
-697.74,575.87
-697.74,576.09
-697.74,576.3
-697.74,576.51
-697.73,576.73
-697.73,576.94
-697.73,577.16
-697.73,577.37
-697.73,577.58
-697.72,577.8
-697.72,578.01
-697.72,578.23
-697.72,578.44
-697.72,578.66
-697.71,578.87
-697.71,579.08
-697.71,579.3
-697.71,579.51
-697.71,579.73
-697.71,579.94
-697.7,580.16
-697.7,580.37
-697.7,580.59
-697.7,580.8
-697.7,581.02
-697.7,581.23
-697.69,581.45
-697.69,581.67
-697.69,581.88
-697.69,582.1
-697.69,582.31
-697.68,582.53
-697.68,582.74
-697.68,582.96
-697.68,583.17
-697.68,583.39
-697.67,583.61
-697.67,583.82
-697.67,584.04
-697.67,584.25
-697.67,584.47
-697.67,584.68
-697.67,584.9
-697.67,585.11
-697.67,585.33
-697.67,585.54
-697.66,585.76
-697.66,585.97
-697.66,586.19
-697.66,586.41
-697.66,586.62
-697.66,586.84
-697.66,587.05
-697.66,587.27
-697.66,587.48
-697.65,587.7
-697.65,587.92
-697.65,588.13
-697.65,588.35
-697.65,588.56
-697.65,588.78
-697.65,589
-697.65,589.21
-697.65,589.43
-697.65,589.65
-697.65,589.86
-697.65,590.08
-697.64,590.3
-697.64,590.51
-697.64,590.73
-697.64,590.94
-697.64,591.16
-697.64,591.38
-697.64,591.59
-697.64,591.81
-697.64,592.03
-697.63,592.24
-697.63,592.46
-697.63,592.68
-697.63,592.89
-697.63,593.11
-697.63,593.33
-697.62,593.54
-697.62,593.76
-697.62,593.97
-697.62,594.19
-697.62,594.41
-697.62,594.62
-697.62,594.84
-697.62,595.06
-697.62,595.27
-697.62,595.49
-697.61,595.71
-697.61,595.92
-697.61,596.14
-697.61,596.36
-697.61,596.57
-697.61,596.79
-697.61,597
-697.61,597.22
-697.61,597.44
-697.61,597.65
-697.61,597.87
-697.61,598.08
-697.61,598.3
-697.61,598.51
-697.61,598.73
-697.61,598.94
-697.61,599.16
-697.61,599.37
-697.61,599.58
-697.61,599.8
-697.61,600.01
-697.61,600.23
-697.61,600.44
-697.61,600.65
-697.61,600.87
-697.61,601.08
-697.61,601.3
-697.61,601.51
-697.61,601.73
-697.61,601.94
-697.61,602.15
-697.61,602.37
-697.61,602.58
-697.61,602.79
-697.61,603.01
-697.61,603.22
-697.61,603.43
-697.62,603.65
-697.61,603.86
-697.61,604.07
-697.61,604.28
-697.61,604.5
-697.61,604.71
-697.61,604.92
-697.61,605.13
-697.61,605.34
-697.61,605.56
-697.61,605.77
-697.61,605.98
-697.61,606.19
-697.61,606.4
-697.61,606.62
-697.61,606.83
-697.61,607.04
-697.61,607.25
-697.61,607.46
-697.61,607.68
-697.61,607.89
-697.61,608.1
-697.6,608.31
-697.6,608.53
-697.6,608.74
-697.6,608.95
-697.6,609.17
-697.6,609.38
-697.6,609.59
-697.6,609.8
-697.6,610.01
-697.6,610.23
-697.6,610.44
-697.59,610.65
-697.59,610.86
-697.59,611.07
-697.59,611.29
-697.59,611.5
-697.59,611.71
-697.58,611.92
-697.58,612.13
-697.58,612.34
-697.58,612.55
-697.58,612.76
-697.58,612.97
-697.58,613.18
-697.57,613.39
-697.57,613.6
-697.57,613.81
-697.57,614.02
-697.57,614.23
-697.56,614.43
-697.56,614.64
-697.56,614.85
-697.56,615.06
-697.56,615.27
-697.56,615.47
-697.55,615.68
-697.55,615.89
-697.55,616.1
-697.55,616.3
-697.55,616.51
-697.54,616.72
-697.54,616.92
-697.54,617.13
-697.54,617.33
-697.54,617.54
-697.54,617.75
-697.53,617.95
-697.53,618.16
-697.53,618.36
-697.53,618.57
-697.52,618.77
-697.52,618.98
-697.52,619.18
-697.52,619.39
-697.52,619.59
-697.52,619.8
-697.52,620
-697.51,620.21
-697.51,620.41
-697.51,620.62
-697.51,620.82
-697.51,621.03
-697.51,621.23
-697.51,621.44
-697.51,621.64
-697.51,621.85
-697.5,622.05
-697.5,622.26
-697.5,622.46
-697.5,622.66
-697.5,622.87
-697.5,623.07
-697.49,623.28
-697.49,623.48
-697.49,623.68
-697.49,623.89
-697.49,624.09
-697.49,624.3
-697.49,624.5
-697.48,624.71
-697.48,624.91
-697.48,625.12
-697.48,625.32
-697.48,625.53
-697.48,625.74
-697.48,625.94
-697.48,626.15
-697.47,626.35
-697.47,626.56
-697.47,626.77
-697.47,626.97
-697.47,627.18
-697.46,627.39
-697.46,627.59
-697.46,627.8
-697.46,628.01
-697.46,628.21
-697.46,628.42
-697.45,628.63
-697.45,628.84
-697.45,629.05
-697.45,629.25
-697.44,629.46
-697.44,629.67
-697.44,629.88
-697.44,630.09
-697.44,630.3
-697.43,630.5
-697.43,630.71
-697.43,630.92
-697.43,631.13
-697.43,631.34
-697.43,631.55
-697.43,631.76
-697.42,631.97
-697.42,632.18
-697.42,632.39
-697.42,632.6
-697.41,632.81
-697.41,633.02
-697.41,633.23
-697.41,633.44
-697.41,633.65
-697.4,633.86
-697.4,634.07
-697.4,634.28
-697.4,634.49
-697.4,634.7
-697.4,634.92
-697.4,635.13
-697.39,635.34
-697.39,635.56
-697.39,635.77
-697.39,635.98
-697.39,636.2
-697.39,636.41
-697.38,636.63
-697.38,636.84
-697.38,637.06
-697.38,637.27
-697.38,637.49
-697.37,637.7
-697.37,637.92
-697.37,638.13
-697.37,638.35
-697.37,638.56
-697.37,638.78
-697.36,639
-697.36,639.21
-697.36,639.43
-697.36,639.65
-697.36,639.86
-697.36,640.08
-697.35,640.3
-697.35,640.52
-697.35,640.73
-697.35,640.95
-697.35,641.17
-697.35,641.39
-697.35,641.61
-697.34,641.83
-697.34,642.05
-697.34,642.27
-697.34,642.48
-697.34,642.7
-697.34,642.92
-697.34,643.14
-697.34,643.36
-697.33,643.58
-697.33,643.8
-697.33,644.02
-697.33,644.24
-697.33,644.46
-697.32,644.69
-697.32,644.91
-697.32,645.13
-697.32,645.35
-697.32,645.57
-697.31,645.79
-697.31,646.01
-697.31,646.24
-697.31,646.46
-697.31,646.68
-697.3,646.91
-697.3,647.13
-697.3,647.35
-697.3,647.58
-697.3,647.8
-697.3,648.02
-697.29,648.25
-697.29,648.47
-697.29,648.7
-697.29,648.92
-697.29,649.15
-697.29,649.37
-697.28,649.6
-697.28,649.82
-697.28,650.05
-697.28,650.27
-697.28,650.5
-697.28,650.73
-697.27,650.95
-697.27,651.18
-697.27,651.41
-697.27,651.64
-697.27,651.86
-697.27,652.09
-697.27,652.32
-697.27,652.55
-697.27,652.78
-697.26,653.01
-697.26,653.24
-697.26,653.47
-697.26,653.69
-697.26,653.92
-697.26,654.15
-697.25,654.38
-697.25,654.61
-697.25,654.84
-697.25,655.07
-697.25,655.3
-697.25,655.53
-697.25,655.76
-697.25,655.99
-697.24,656.22
-697.24,656.45
-697.24,656.69
-697.24,656.92
-697.24,657.15
-697.24,657.38
-697.24,657.61
-697.23,657.84
-697.23,658.08
-697.23,658.31
-697.23,658.54
-697.23,658.78
-697.23,659.01
-697.23,659.24
-697.23,659.48
-697.23,659.71
-697.23,659.94
-697.23,660.18
-697.23,660.41
-697.22,660.65
-697.22,660.88
-697.22,661.11
-697.22,661.35
-697.22,661.58
-697.22,661.82
-697.22,662.05
-697.22,662.29
-697.22,662.53
-697.22,662.76
-697.22,663
-697.22,663.23
-697.22,663.47
-697.22,663.71
-697.22,663.94
-697.22,664.18
-697.22,664.42
-697.22,664.65
-697.22,664.89
-697.22,665.13
-697.22,665.37
-697.22,665.6
-697.22,665.84
-697.22,666.08
-697.21,666.32
-697.21,666.56
-697.21,666.8
-697.21,667.04
-697.21,667.28
-697.21,667.52
-697.21,667.75
-697.21,667.99
-697.21,668.23
-697.21,668.47
-697.21,668.71
-697.21,668.95
-697.21,669.19
-697.21,669.43
-697.21,669.67
-697.21,669.9
-697.21,670.14
-697.21,670.38
-697.21,670.62
-697.21,670.86
-697.22,671.1
-697.22,671.34
-697.22,671.58
-697.22,671.82
-697.21,672.06
-697.22,672.3
-697.22,672.54
-697.21,672.78
-697.21,673.02
-697.21,673.26
-697.21,673.5
-697.21,673.74
-697.22,673.98
-697.21,674.22
-697.22,674.46
-697.22,674.7
-697.22,674.94
-697.22,675.18
-697.22,675.42
-697.22,675.66
-697.22,675.9
-697.22,676.14
-697.22,676.38
-697.22,676.62
-697.22,676.86
-697.22,677.1
-697.22,677.34
-697.22,677.58
-697.22,677.82
-697.22,678.07
-697.22,678.31
-697.22,678.55
-697.22,678.79
-697.22,679.03
-697.22,679.27
-697.22,679.51
-697.22,679.75
-697.22,679.99
-697.22,680.24
-697.22,680.48
-697.22,680.72
-697.22,680.96
-697.22,681.2
-697.22,681.44
-697.22,681.68
-697.22,681.92
-697.21,682.17
-697.21,682.41
-697.21,682.65
-697.21,682.89
-697.21,683.13
-697.21,683.37
-697.21,683.62
-697.21,683.86
-697.21,684.1
-697.21,684.34
-697.21,684.58
-697.21,684.82
-697.21,685.07
-697.2,685.31
-697.2,685.55
-697.2,685.79
-697.2,686.03
-697.2,686.27
-697.2,686.51
-697.2,686.75
-697.2,687
-697.2,687.24
-697.19,687.48
-697.19,687.72
-697.19,687.96
-697.19,688.2
-697.19,688.45
-697.19,688.69
-697.19,688.93
-697.18,689.17
-697.18,689.41
-697.18,689.66
-697.18,689.9
-697.18,690.14
-697.18,690.38
-697.18,690.63
-697.18,690.87
-697.17,691.11
-697.17,691.36
-697.17,691.6
-697.17,691.84
-697.17,692.09
-697.17,692.33
-697.17,692.57
-697.17,692.82
-697.16,693.06
-697.16,693.3
-697.16,693.55
-697.16,693.79
-697.16,694.04
-697.16,694.28
-697.16,694.52
-697.16,694.77
-697.16,695.01
-697.16,695.25
-697.16,695.5
-697.16,695.74
-697.15,695.98
-697.15,696.23
-697.15,696.47
-697.15,696.72
-697.15,696.96
-697.15,697.21
-697.15,697.45
-697.15,697.69
-697.15,697.94
-697.15,698.18
-697.15,698.43
-697.15,698.67
-697.15,698.92
-697.15,699.16
-697.15,699.41
-697.15,699.65
-697.15,699.89
-697.15,700.14
-697.14,700.38
-697.14,700.63
-697.14,700.87
-697.14,701.11
-697.14,701.36
-697.14,701.6
-697.14,701.85
-697.14,702.1
-697.13,702.34
-697.13,702.59
-697.13,702.83
-697.13,703.08
-697.13,703.32
-697.13,703.57
-697.13,703.81
-697.13,704.05
-697.13,704.3
-697.12,704.54
-697.12,704.79
-697.12,705.03
-697.12,705.28
-697.12,705.52
-697.12,705.77
-697.12,706.01
-697.12,706.26
-697.11,706.5
-697.11,706.75
-697.11,706.99
-697.11,707.24
-697.11,707.48
-697.11,707.73
-697.11,707.97
-697.1,708.22
-697.1,708.46
-697.1,708.71
-697.1,708.95
-697.1,709.2
-697.1,709.44
-697.09,709.69
-697.09,709.94
-697.09,710.18
-697.09,710.43
-697.09,710.67
-697.09,710.92
-697.09,711.16
-697.08,711.41
-697.08,711.65
-697.08,711.9
-697.08,712.14
-697.08,712.39
-697.08,712.63
-697.07,712.88
-697.07,713.12
-697.07,713.36
-697.07,713.61
-697.07,713.85
-697.06,714.1
-697.06,714.34
-697.06,714.58
-697.06,714.83
-697.06,715.07
-697.06,715.32
-697.06,715.56
-697.06,715.81
-697.05,716.05
-697.05,716.29
-697.05,716.54
-697.05,716.78
-697.05,717.03
-697.05,717.27
-697.05,717.52
-697.05,717.76
-697.04,718.01
-697.04,718.25
-697.04,718.49
-697.04,718.74
-697.04,718.98
-697.04,719.23
-697.04,719.47
-697.03,719.71
-697.03,719.96
-697.03,720.2
-697.03,720.45
-697.03,720.69
-697.03,720.93
-697.02,721.18
-697.02,721.42
-697.02,721.67
-697.02,721.91
-697.02,722.15
-697.02,722.4
-697.02,722.64
-697.02,722.89
-697.02,723.13
-697.01,723.38
-697.01,723.62
-697.01,723.86
-697.01,724.11
-697.01,724.35
-697.01,724.59
-697.01,724.84
-697.01,725.08
-697,725.32
-697,725.56
-697,725.81
-697,726.05
-697,726.29
-696.99,726.54
-696.99,726.78
-696.99,727.02
-696.98,727.26
-696.98,727.51
-696.98,727.75
-696.98,727.99
-696.98,728.23
-696.97,728.48
-696.97,728.72
-696.97,728.96
-696.97,729.2
-696.97,729.44
-696.97,729.69
-696.97,729.93
-696.96,730.17
-696.96,730.41
-696.96,730.65
-696.96,730.9
-696.96,731.14
-696.96,731.38
-696.96,731.62
-696.96,731.86
-696.95,732.1
-696.95,732.35
-696.95,732.59
-696.95,732.83
-696.95,733.07
-696.95,733.31
-696.95,733.55
-696.95,733.79
-696.95,734.04
-696.94,734.28
-696.94,734.52
-696.94,734.76
-696.94,735
-696.94,735.24
-696.94,735.48
-696.93,735.72
-696.93,735.96
-696.93,736.2
-696.93,736.44
-696.93,736.68
-696.93,736.92
-696.92,737.16
-696.92,737.4
-696.92,737.64
-696.92,737.88
-696.91,738.12
-696.91,738.36
-696.91,738.6
-696.9,738.84
-696.9,739.08
-696.9,739.32
-696.9,739.55
-696.9,739.8
-696.89,740.03
-696.89,740.27
-696.89,740.51
-696.88,740.75
-696.88,740.99
-696.88,741.23
-696.87,741.47
-696.87,741.7
-696.87,741.94
-696.86,742.18
-696.86,742.42
-696.86,742.66
-696.85,742.89
-696.85,743.13
-696.85,743.37
-696.84,743.6
-696.84,743.84
-696.84,744.08
-696.83,744.32
-696.83,744.55
-696.83,744.79
-696.82,745.03
-696.82,745.26
-696.81,745.5
-696.81,745.74
-696.81,745.97
-696.8,746.21
-696.8,746.45
-696.79,746.69
-696.79,746.92
-696.79,747.16
-696.78,747.4
-696.78,747.63
-696.78,747.87
-696.77,748.11
-696.77,748.35
-696.77,748.58
-696.76,748.82
-696.76,749.06
-696.76,749.29
-696.75,749.53
-696.75,749.77
-696.74,750
-696.74,750.24
-696.74,750.48
-696.73,750.71
-696.73,750.95
-696.73,751.19
-696.72,751.42
-696.72,751.66
-696.72,751.89
-696.71,752.13
-696.71,752.37
-696.71,752.6
-696.7,752.84
-696.7,753.07
-696.7,753.31
-696.69,753.54
-696.69,753.78
-696.69,754.01
-696.69,754.25
-696.68,754.48
-696.68,754.71
-696.68,754.95
-696.67,755.18
-696.67,755.42
-696.67,755.65
-696.66,755.88
-696.66,756.12
-696.66,756.35
-696.65,756.58
-696.65,756.81
-696.65,757.05
-696.64,757.28
-696.64,757.51
-696.64,757.74
-696.63,757.97
-696.63,758.21
-696.63,758.44
-696.62,758.67
-696.62,758.9
-696.62,759.13
-696.61,759.36
-696.61,759.6
-696.61,759.83
-696.6,760.06
-696.6,760.29
-696.6,760.52
-696.6,760.75
-696.6,760.98
-696.59,761.21
-696.59,761.44
-696.59,761.67
-696.59,761.9
-696.58,762.13
-696.58,762.36
-696.58,762.59
-696.58,762.82
-696.58,763.05
-696.58,763.28
-696.57,763.52
-696.57,763.74
-696.57,763.97
-696.57,764.2
-696.57,764.43
-696.57,764.66
-696.56,764.89
-696.56,765.12
-696.56,765.35
-696.56,765.57
-696.56,765.8
-696.56,766.03
-696.56,766.26
-696.55,766.49
-696.55,766.71
-696.55,766.94
-696.55,767.17
-696.55,767.4
-696.55,767.63
-696.55,767.85
-696.54,768.08
-696.54,768.31
-696.54,768.54
-696.54,768.76
-696.54,768.99
-696.54,769.22
-696.54,769.44
-696.54,769.67
-696.53,769.89
-696.53,770.12
-696.53,770.35
-696.53,770.57
-696.53,770.8
-696.53,771.02
-696.53,771.25
-696.52,771.47
-696.52,771.7
-696.52,771.92
-696.52,772.15
-696.52,772.37
-696.52,772.6
-696.52,772.82
-696.52,773.05
-696.52,773.27
-696.52,773.49
-696.52,773.72
-696.52,773.94
-696.52,774.17
-696.52,774.39
-696.51,774.61
-696.51,774.84
-696.51,775.06
-696.51,775.28
-696.51,775.51
-696.51,775.73
-696.51,775.95
-696.51,776.17
-696.51,776.4
-696.51,776.62
-696.51,776.84
-696.51,777.07
-696.51,777.29
-696.51,777.51
-696.51,777.73
-696.51,777.95
-696.51,778.18
-696.51,778.4
-696.51,778.62
-696.51,778.84
-696.51,779.06
-696.5,779.28
-696.5,779.5
-696.5,779.73
-696.5,779.95
-696.5,780.17
-696.5,780.39
-696.5,780.61
-696.5,780.83
-696.5,781.06
-696.5,781.28
-696.5,781.5
-696.5,781.72
-696.5,781.94
-696.5,782.17
-696.49,782.39
-696.49,782.61
-696.49,782.83
-696.49,783.06
-696.49,783.28
-696.49,783.5
-696.49,783.72
-696.49,783.94
-696.49,784.16
-696.48,784.38
-696.48,784.6
-696.48,784.82
-696.48,785.05
-696.48,785.27
-696.48,785.49
-696.47,785.71
-696.47,785.93
-696.47,786.15
-696.47,786.37
-696.47,786.59
-696.47,786.81
-696.47,787.03
-696.47,787.25
-696.47,787.47
-696.46,787.69
-696.46,787.91
-696.46,788.13
-696.46,788.35
-696.46,788.57
-696.46,788.79
-696.46,789.01
-696.46,789.23
-696.45,789.45
-696.45,789.67
-696.45,789.89
-696.45,790.11
-696.45,790.33
-696.45,790.55
-696.45,790.77
-696.45,791
-696.44,791.21
-696.44,791.43
-696.44,791.65
-696.44,791.87
-696.44,792.09
-696.44,792.31
-696.44,792.53
-696.44,792.75
-696.44,792.97
-696.43,793.19
-696.43,793.41
-696.43,793.63
-696.43,793.85
-696.43,794.07
-696.43,794.29
-696.43,794.51
-696.43,794.73
-696.42,794.95
-696.42,795.17
-696.42,795.39
-696.42,795.61
-696.42,795.83
-696.42,796.05
-696.42,796.27
-696.42,796.48
-696.42,796.7
-696.42,796.92
-696.41,797.14
-696.41,797.36
-696.41,797.58
-696.41,797.8
-696.41,798.02
-696.41,798.24
-696.41,798.46
-696.41,798.68
-696.41,798.9
-696.41,799.12
-696.41,799.34
-696.4,799.56
-696.4,799.78
-696.4,799.99
-696.4,800.21
-696.4,800.43
-696.4,800.65
-696.4,800.87
-696.4,801.09
-696.4,801.31
-696.4,801.53
-696.4,801.74
-696.4,801.96
-696.4,802.18
-696.4,802.4
-696.4,802.62
-696.4,802.84
-696.4,803.06
-696.4,803.27
-696.39,803.49
-696.39,803.71
-696.39,803.93
-696.39,804.15
-696.39,804.37
-696.39,804.59
-696.39,804.81
-696.39,805.02
-696.39,805.24
-696.39,805.46
-696.39,805.68
-696.39,805.9
-696.39,806.12
-696.39,806.33
-696.39,806.55
-696.39,806.77
-696.39,806.99
-696.4,807.21
-696.4,807.42
-696.4,807.64
-696.4,807.86
-696.4,808.08
-696.4,808.3
-696.4,808.51
-696.4,808.73
-696.4,808.95
-696.4,809.17
-696.4,809.39
-696.41,809.6
-696.41,809.82
-696.41,810.04
-696.41,810.26
-696.41,810.48
-696.42,810.69
-696.42,810.91
-696.42,811.13
-696.42,811.35
-696.42,811.57
-696.42,811.78
-696.42,812
-696.43,812.22
-696.43,812.44
-696.43,812.66
-696.43,812.88
-696.43,813.1
-696.43,813.32
-696.43,813.54
-696.43,813.76
-696.43,813.98
-696.43,814.2
-696.43,814.42
-696.43,814.64
-696.44,814.86
-696.44,815.08
-696.44,815.3
-696.44,815.52
-696.45,815.74
-696.45,815.96
-696.45,816.18
-696.46,816.4
-696.46,816.62
-696.46,816.84
-696.47,817.06
-696.47,817.28
-696.47,817.49
-696.48,817.71
-696.48,817.93
-696.48,818.15
-696.49,818.37
-696.49,818.59
-696.5,818.81
-696.5,819.03
-696.51,819.25
-696.51,819.47
-696.51,819.69
-696.52,819.91
-696.52,820.13
-696.53,820.34
-696.53,820.56
-696.54,820.78
-696.55,821
-696.55,821.22
-696.56,821.44
-696.56,821.66
-696.57,821.88
-696.57,822.09
-696.58,822.31
-696.58,822.53
-696.59,822.75
-696.6,822.97
-696.6,823.19
-696.61,823.41
-696.61,823.63
-696.61,823.85
-696.62,824.07
-696.63,824.29
-696.63,824.51
-696.64,824.73
-696.64,824.95
-696.65,825.17
-696.66,825.39
-696.66,825.61
-696.67,825.83
-696.67,826.04
-696.68,826.26
-696.68,826.48
-696.69,826.7
-696.7,826.92
-696.7,827.14
-696.71,827.36
-696.72,827.58
-696.73,827.8
-696.73,828.02
-696.74,828.24
-696.75,828.46
-696.76,828.67
-696.76,828.89
-696.77,829.11
-696.78,829.33
-696.79,829.55
-696.79,829.77
-696.8,829.98
-696.81,830.2
-696.82,830.42
-696.83,830.64
-696.83,830.86
-696.84,831.08
-696.85,831.29
-696.86,831.51
-696.87,831.73
-696.88,831.95
-696.89,832.17
-696.89,832.39
-696.9,832.61
-696.91,832.83
-696.91,833.05
-696.92,833.27
-696.93,833.49
-696.93,833.71
-696.94,833.93
-696.95,834.15
-696.95,834.37
-696.96,834.59
-696.97,834.81
-696.98,835.03
-696.99,835.24
-696.99,835.46
-697,835.69
-697.01,835.9
-697.02,836.12
-697.02,836.34
-697.03,836.56
-697.04,836.78
-697.05,837
-697.06,837.22
-697.07,837.44
-697.08,837.66
-697.09,837.87
-697.1,838.1
-697.11,838.32
-697.12,838.53
-697.13,838.75
-697.14,838.98
-697.15,839.19
-697.16,839.41
-697.17,839.63
-697.18,839.85
-697.2,840.07
-697.21,840.28
-697.22,840.5
-697.24,840.72
-697.25,840.93
-697.26,841.15
-697.27,841.36
-697.29,841.58
-697.3,841.79
-697.31,842
-697.32,842.22
-697.33,842.43
-697.35,842.64
-697.36,842.86
-697.37,843.07
-697.39,843.28
-697.4,843.49
-697.41,843.71
-697.42,843.91
-697.43,844.12
-697.45,844.34
-697.46,844.54
-697.47,844.75
-697.48,844.96
-697.49,845.17
-697.5,845.37
-697.51,845.59
-697.52,845.79
-697.54,845.99
-697.55,846.21
-697.56,846.41
-697.58,846.61
-697.59,846.83
-697.6,847.03
-697.61,847.23
-697.63,847.45
-697.64,847.65
-697.65,847.85
-697.67,848.07
-697.68,848.27
-697.69,848.48
-697.7,848.69
-697.72,848.89
-697.73,849.1
-697.75,849.31
-697.76,849.52
-697.77,849.72
-697.79,849.93
-697.8,850.13
-697.81,850.34
-697.83,850.55
-697.84,850.75
-697.85,850.95
-697.87,851.16
-697.88,851.37
-697.9,851.57
-697.91,851.78
-697.92,851.98
-697.93,852.18
-697.95,852.39
-697.96,852.6
-697.97,852.8
-697.98,853.01
-698,853.21
-698.01,853.41
-698.02,853.62
-698.04,853.82
-698.05,854.02
-698.07,854.23
-698.08,854.43
-698.1,854.64
-698.11,854.84
-698.13,855.04
-698.14,855.24
-698.16,855.45
-698.18,855.65
-698.19,855.85
-698.21,856.06
-698.22,856.26
-698.24,856.46
-698.25,856.67
-698.27,856.87
-698.29,857.07
-698.3,857.28
-698.32,857.48
-698.34,857.68
-698.35,857.89
-698.37,858.09
-698.38,858.29
-698.4,858.5
-698.42,858.7
-698.43,858.9
-698.45,859.11
-698.46,859.31
-698.48,859.51
-698.5,859.71
-698.51,859.92
-698.53,860.12
-698.55,860.32
-698.57,860.53
-698.58,860.73
-698.6,860.93
-698.62,861.14
-698.63,861.34
-698.65,861.54
-698.67,861.74
-698.69,861.95
-698.7,862.15
-698.72,862.35
-698.74,862.55
-698.75,862.76
-698.77,862.96
-698.79,863.16
-698.81,863.36
-698.82,863.56
-698.84,863.76
-698.86,863.97
-698.88,864.17
-698.9,864.37
-698.91,864.57
-698.93,864.77
-698.95,864.97
-698.96,865.17
-698.98,865.37
-699,865.57
-699.02,865.77
-699.04,865.97
-699.05,866.17
-699.07,866.37
-699.09,866.57
-699.11,866.77
-699.12,866.97
-699.14,867.17
-699.16,867.37
-699.18,867.57
-699.19,867.77
-699.21,867.97
-699.23,868.17
-699.25,868.37
-699.27,868.67
-699.29,868.86
-699.31,869.16
-699.33,869.46
-699.36,869.76
-699.38,870.06
-699.41,870.36
-699.43,870.66
-699.46,870.95
-699.48,871.25
-699.5,871.55
-699.53,871.85
-699.56,872.14
-699.58,872.44
-699.61,872.73
-699.63,873.03
-699.66,873.32
-699.68,873.62
-699.71,873.91
-699.74,874.2
-699.76,874.49
-699.79,874.78
-699.82,875.07
-699.84,875.37
-699.87,875.66
-699.9,875.95
-699.92,876.24
-699.95,876.52
-699.98,876.81
-700.01,877.1
-700.03,877.39
-700.06,877.68
-700.09,877.97
-700.11,878.26
-700.14,878.54
-700.17,878.83
-700.21,879.11
-700.24,879.4
-700.27,879.68
-700.29,879.96
-700.32,880.24
-700.35,880.53
-700.38,880.81
-700.41,881.09
-700.44,881.37
-700.47,881.66
-700.49,881.94
-700.52,882.22
-700.55,882.5
-700.58,882.79
-700.6,883.07
-700.63,883.35
-700.66,883.63
-700.69,883.91
-700.72,884.19
-700.75,884.47
-700.78,884.75
-700.81,885.03
-700.84,885.31
-700.87,885.59
-700.9,885.87
-700.93,886.15
-700.96,886.43
-700.99,886.7
-701.02,886.98
-701.05,887.26
-701.08,887.54
-701.11,887.81
-701.14,888.09
-701.17,888.37
-701.2,888.64
-701.23,888.92
-701.26,889.2
-701.29,889.47
-701.32,889.75
-701.35,890.02
-701.38,890.3
-701.41,890.58
-701.44,890.85
-701.47,891.13
-701.5,891.4
-701.53,891.67
-701.56,891.95
-701.59,892.22
-701.63,892.5
-701.66,892.77
-701.69,893.04
-701.72,893.32
-701.75,893.59
-701.78,893.87
-701.82,894.14
-701.85,894.41
-701.88,894.68
-701.91,894.96
-701.95,895.23
-701.98,895.5
-702.01,895.77
-702.04,896.04
-702.08,896.31
-702.11,896.58
-702.15,896.85
-702.18,897.12
-702.22,897.39
-702.25,897.66
-702.29,897.93
-702.32,898.19
-702.36,898.46
-702.39,898.73
-702.43,898.99
-702.46,899.26
-702.5,899.53
-702.53,899.79
-702.57,900.06
-702.6,900.33
-702.64,900.59
-702.67,900.86
-702.7,901.13
-702.73,901.4
-702.77,901.66
-702.8,901.93
-702.84,902.19
-702.87,902.46
-702.91,902.72
-702.94,902.99
-702.98,903.25
-703.01,903.51
-703.05,903.78
-703.09,904.04
-703.12,904.3
-703.15,904.56
-703.19,904.82
-703.22,905.08
-703.26,905.33
-703.29,905.59
-703.32,905.85
-703.36,906.11
-703.39,906.37
-703.43,906.62
-703.46,906.88
-703.5,907.14
-703.54,907.39
-703.58,907.65
-703.61,907.9
-703.65,908.15
-703.69,908.41
-703.72,908.65
-703.76,908.9
-703.8,909.15
-703.83,909.4
-703.87,909.65
-703.91,909.89
-703.94,910.14
-703.98,910.38
-704.02,910.62
-704.05,910.86
-704.09,911.1
-704.13,911.34
-704.17,911.58
-704.21,911.82
-704.25,912.05
-704.29,912.29
-704.33,912.52
-704.37,912.76
-704.42,912.99
-704.46,913.22
-704.49,913.45
-704.53,913.68
-704.58,913.9
-704.63,914.12
-704.68,914.34
-704.73,914.56
-704.78,914.78
-704.83,915
-704.87,915.22
-704.92,915.44
-704.97,915.66
-705.02,915.87
-705.06,916.09
-705.11,916.31
-705.16,916.53
-705.2,916.74
-705.25,916.96
-705.3,917.17
-705.35,917.39
-705.4,917.6
-705.45,917.81
-705.5,918.03
-705.55,918.24
-705.6,918.45
-705.65,918.67
-705.69,918.88
-705.74,919.09
-705.79,919.3
-705.84,919.52
-705.89,919.73
-705.94,919.94
-705.98,920.15
-706.03,920.37
-706.08,920.58
-706.13,920.78
-706.18,920.99
-706.23,921.19
-706.28,921.39
-706.33,921.6
-706.37,921.8
-706.42,922
-706.47,922.2
-706.52,922.4
-706.57,922.61
-706.61,922.81
-706.66,923.01
-706.71,923.21
-706.76,923.41
-706.81,923.61
-706.86,923.8
-706.91,924
-706.96,924.2
-707.01,924.39
-707.06,924.59
-707.11,924.78
-707.16,924.98
-707.23,925.23
-707.3,925.49
-707.37,925.74
-707.44,926
-707.51,926.25
-707.58,926.5
-707.65,926.75
-707.71,927.01
-707.78,927.26
-707.85,927.51
-707.91,927.76
-707.98,928
-708.05,928.25
-708.11,928.5
-708.18,928.74
-708.25,928.99
-708.31,929.24
-708.38,929.48
-708.45,929.73
-708.52,929.98
-708.58,930.22
-708.65,930.47
-708.72,930.71
-708.79,930.95
-708.86,931.19
-708.92,931.44
-708.99,931.68
-709.06,931.92
-709.13,932.16
-709.21,932.4
-709.28,932.64
-709.35,932.88
-709.42,933.12
-709.5,933.36
-709.57,933.6
-709.64,933.84
-709.72,934.07
