-723.18002131,937.54130495
-722.84078007,937.83689468
-722.80641836,937.61212451
-722.77317512,937.38658796
-722.73984536,937.16116159
-722.70728796,936.93540957
-722.67507033,936.70988277
-722.64182391,936.48467920
-722.60772281,936.25946750
-722.57421260,936.03503843
-722.54044916,935.81027394
-722.50643458,935.58495207
-722.47301616,935.35985786
-722.43951755,935.13420789
-722.40661931,934.90834163
-722.37457049,934.68303844
-722.34209748,934.45739821
-722.31056040,934.23221089
-722.27978409,934.00791880
-722.24910485,933.78240663
-722.21842561,933.55689446
-722.18841850,933.33260969
-722.15815710,933.10810049
-722.12746519,932.88392021
-722.09625309,932.66051199
-722.06539235,932.43610810
-722.03496422,932.21115332
-722.00417946,931.98774916
-721.97399823,931.76379574
-721.94381701,931.53984231
-721.91396922,931.31678006
-721.88438943,931.09249935
-721.85498269,930.86799828
-721.82582497,930.64427659
-721.79607846,930.41955029
-721.76598796,930.19504272
-721.73596923,929.97197885
-721.70638837,929.74780913
-721.67680752,929.52363941
-721.64763818,929.30113862
-721.61881703,929.07797512
-721.58999589,928.85481163
-721.56100275,928.63175751
-721.53167196,928.40825617
-721.50259652,928.18486826
-721.47369412,927.96126000
-721.44471047,927.73720696
-721.41521190,927.51337103
-721.38537251,927.28942086
-721.35442837,927.06479418
-721.32298197,926.83905272
-721.29161997,926.61342307
-721.26086047,926.38735513
-721.23112447,926.16151893
-721.20360115,925.93670277
-721.17633950,925.71133409
-721.14856821,925.48562756
-721.12054578,925.25936364
-721.09073696,925.03219474
-721.05938972,924.80501122
-721.02726483,924.57870831
-720.99266874,924.35160491
-720.95808215,924.12350260
-720.92493797,923.89652400
-720.89326256,923.66789434
-720.86365103,923.43795230
-720.83693909,923.20870382
-720.80971962,922.97889551
-720.78137745,922.75029754
-720.75174798,922.52224234
-720.72109712,922.29373343
-720.69018353,922.06588803
-720.65900930,921.83848415
-720.62791738,921.61141406
-720.59724647,921.38501397
-720.56684251,921.15750641
-720.53694713,920.93044770
-720.50637856,920.70227257
-720.47607483,920.47321196
-720.44577215,920.24404035
-720.41547158,920.01464677
-720.38526281,919.78458805
-720.35472271,919.55341617
-720.32401905,919.32146574
-720.29374590,919.08918640
-720.26253893,918.85623217
-720.23099430,918.62283074
-720.19970080,918.38998669
-720.16823847,918.15691904
-720.13686793,917.92318626
-720.10558709,917.68901032
-720.07413846,917.45449980
-720.04167055,917.21931357
-720.00946959,916.98301988
-719.97675793,916.74649933
-719.94499485,916.50909980
-719.91349767,916.27070378
-719.88252596,916.03098075
-719.85070272,915.79091662
-719.81828649,915.55029185
-719.78665423,915.30812053
-719.75494177,915.06539343
-719.72168350,914.82342866
-719.68963655,914.57992138
-719.65742289,914.33596852
-719.62418360,914.09200591
-719.59138958,913.84616052
-719.55773983,913.60041799
-719.52254321,913.35554877
-719.48701315,913.10978838
-719.45097239,912.86380113
-719.41441566,912.61814198
-719.37683752,912.37202912
-719.33968989,912.12558735
-719.30348979,911.87837758
-719.27495134,911.67941496
-719.24633376,911.47978559
-719.21780375,911.27993505
-719.18919354,911.07952874
-719.16041029,910.87934279
-719.13128622,910.67904259
-719.10140138,910.47784717
-719.07159988,910.27687453
-719.04162957,910.07567829
-719.01132792,909.87336890
-718.98059472,909.67149941
-718.94994803,909.46951973
-718.91887928,909.26698104
-718.88841196,909.06411507
-718.85811875,908.86091775
-718.82757124,908.65749601
-718.79762517,908.45374699
-718.76785003,908.24999959
-718.73841255,908.04669940
-718.70855510,907.84261821
-718.67844442,907.63820162
-718.64869037,907.43223441
-718.61850793,907.22637412
-718.58893431,907.01940961
-718.56031138,906.81134414
-718.53100049,906.60371612
-718.50168960,906.39608811
-718.47366284,906.18825030
-718.44451655,905.98128986
-718.41520460,905.77377283
-718.38735510,905.56527071
-718.35848420,905.35631487
-718.32970193,905.14702687
-718.30016732,904.93595570
-718.27020115,904.72532444
-718.24014951,904.51469237
-718.20941201,904.30427578
-718.17834107,904.09296802
-718.14702112,903.88088088
-718.11528331,903.66779077
-718.08355183,903.45403471
-718.05250410,903.24028515
-718.02232054,903.02554480
-717.99323435,902.81225789
-717.96432542,902.59830665
-717.93586704,902.38191769
-717.90722929,902.16641502
-717.87799220,901.95101766
-717.84878358,901.73262355
-717.81776221,901.51609922
-717.78631137,901.29979282
-717.75487953,901.08148858
-717.72317756,900.86462478
-717.69353210,900.64722553
-717.66655831,900.42752065
-717.63803238,900.20924403
-717.60908015,899.99085236
-717.58013321,899.77190573
-717.55135824,899.55284974
-717.52258645,899.33346077
-717.49485081,899.11297165
-717.46582683,898.89313628
-717.43680706,898.67285696
-717.40856388,898.45180801
-717.37912099,898.23108066
-717.34933727,898.01023907
-717.32004421,897.79173316
-717.28990913,897.57188723
-717.25951869,897.35192789
-717.22938149,897.13230394
-717.19891507,896.91134487
-717.16862275,896.69005444
-717.13918617,896.46866115
-717.10907850,896.24592947
-717.07897294,896.02297581
-717.04895178,895.80013395
-717.01876813,895.57640254
-716.98867100,895.35256096
-716.95866144,895.12849820
-716.92831739,894.90365526
-716.89780452,894.67858871
-716.86712281,894.45329856
-716.83653079,894.22756526
-716.80593983,894.00172097
-716.77483605,893.77587180
-716.74399605,893.54924814
-716.71324364,893.32240331
-716.68094646,893.09620980
-716.64933725,892.86957883
-716.61816065,892.64239696
-716.58604284,892.41531715
-716.55547401,892.18714206
-716.52482287,891.95863318
-716.49365154,891.73089635
-716.46325996,891.50205694
-716.43278609,891.27288374
-716.40162424,891.04414801
-716.37141203,890.81442229
-716.34127897,890.58536333
-716.31019309,890.35762733
-716.28006740,890.12779143
-716.25028675,889.89762582
-716.21980758,889.66900757
-716.19037408,889.43829025
-716.16068838,889.20712653
-716.13005093,888.97717477
-716.10062902,888.74523656
-716.07138226,888.51285600
-716.04135680,888.28146705
-716.01228836,888.04831118
-715.98339085,887.81515694
-715.95345717,887.58310286
-715.92430326,887.34994618
-715.89617391,887.11691024
-715.86880111,886.88521350
-715.84161191,886.65218649
-715.81450923,886.41904931
-715.78705096,886.18735175
-715.75824524,885.95353238
-715.72944057,885.71960202
-715.69883895,885.48587658
-715.66995302,885.25150144
-715.64097952,885.01734747
-715.61072399,884.78318132
-715.58243634,884.54881187
-715.55449267,884.31422368
-715.52569220,884.07984936
-715.49817481,883.84537623
-715.47057407,883.61068030
-715.44117320,883.37652227
-715.41314406,883.14193328
-715.38502838,882.90745446
-715.35605591,882.67318951
-715.32811539,882.43826835
-715.30034475,882.20345981
-715.27180173,881.96897694
-715.24428749,881.73417083
-715.21685871,881.49936554
-715.18625178,881.26619506
-715.15761906,881.03215533
-715.12924169,880.79822904
-715.09932167,880.56473208
-715.07137691,880.33025489
-715.04248778,880.09621273
-715.01102088,879.86358908
-714.98238604,879.62977134
-714.95375330,879.39573162
-714.92297331,879.16278150
-714.89451467,878.92841042
-714.86588404,878.69414872
-714.83519478,878.46064446
-714.80657048,878.22571681
-714.77812027,877.99045781
-714.74838487,877.75551961
-714.72097611,877.51860549
-714.69365386,877.28158121
-714.66547798,877.04443781
-714.63841847,876.80675001
-714.61032701,876.56971841
-714.58109913,876.33534003
-714.55351098,876.09931223
-714.52558306,875.86305919
-714.49669178,875.62923901
-714.46894323,875.39209967
-714.44137195,875.15429602
-714.41301668,874.91803892
-714.38563109,874.67868301
-714.35903160,874.43755857
-714.33263785,874.19277305
-714.30598242,873.94854006
-714.27898722,873.70408183
-714.25191815,873.45840189
-714.22450405,873.21305167
-714.19717857,872.96736930
-714.16976341,872.72213008
-714.14252129,872.47667050
-714.11537096,872.23054578
-714.08926313,871.98265497
-714.06368604,871.73288218
-714.03802559,871.48288660
-714.01332323,871.23101311
-713.98741270,870.98034915
-713.96116135,870.72957095
-713.93577628,870.47757998
-713.90952704,870.22657980
-713.88345189,869.97524827
-713.85807209,869.72270234
-713.83191359,869.47114801
-713.80574453,869.22070360
-713.78034257,868.97048848
-713.75442570,868.72049046
-713.72859218,868.47071524
-713.70404912,868.22006428
-713.67812591,867.97073221
-713.65262793,867.72162618
-713.62739374,867.47174566
-713.60275045,867.22264776
-713.57784336,866.97432435
-713.55228100,866.72299770
-713.52721246,866.47367375
-713.50222517,866.22479458
-713.47699308,865.97469208
-713.45233817,865.72681507
-713.42880068,865.47828268
-713.40664756,865.22798744
-713.38308475,864.98211883
-713.35985854,864.73680842
-713.33637909,864.49116260
-713.31297033,864.24707146
-713.28973252,864.00298195
-713.26787274,863.75779553
-713.24626199,863.51338848
-713.22456788,863.26875864
-713.20418322,863.02125522
-713.18318129,862.77574395
-713.16226588,862.53012250
-713.14153301,862.28328178
-713.12103967,862.03821934
-713.10054316,861.79348988
-713.08048349,861.54776556
-713.05988991,861.30425619
-713.03920453,861.06141194
-713.01878188,860.81790419
-712.99731990,860.57582957
-712.97594338,860.33375577
-712.95644823,860.09158884
-712.93703011,859.85031065
-712.91778608,859.60870112
-712.89966792,859.36554827
-712.88069295,859.12260928
-712.86197967,858.87911777
-712.84337189,858.63351826
-712.82425868,858.38713693
-712.80498297,858.13986605
-712.78503512,857.89136778
-712.76457972,857.64230969
-712.74455799,857.39258970
-712.72539939,857.14198992
-712.70615637,856.89127833
-712.68743144,856.64001666
-712.66846170,856.38753166
-712.65009551,856.13449739
-712.63121862,855.88123627
-712.61253798,855.62531299
-712.59444401,855.37061629
-712.57668981,855.11614483
-712.55962991,854.86056995
-712.54315669,854.60622166
-712.52583615,854.35108832
-712.50699089,854.09449747
-712.48864684,853.83913240
-712.47021732,853.58376651
-712.45129081,853.32673089
-712.43397976,853.07059863
-712.41726383,852.81480502
-712.40055212,852.55856745
-712.38528494,852.30323162
-712.37035857,852.04801002
-712.35568967,851.79267988
-712.34110096,851.53790549
-712.32625479,851.28323967
-712.31064889,851.02756761
-712.29554525,850.77301034
-712.28036142,850.51789730
-712.26501192,850.26222768
-712.25189094,850.00591324
-712.23868132,849.74993095
-712.22642347,849.49273670
-712.21355572,849.23675767
-712.20128942,848.98045135
-712.19031254,848.72338027
-712.17880491,848.46819117
-712.16772674,848.21278414
-712.15708645,847.95627127
-712.14523589,847.70118991
-712.13312997,847.44599512
-712.12171519,847.19002989
-712.10935076,846.93505465
-712.09724590,846.67974887
-712.08633971,846.42423248
-712.07449336,846.16870716
-712.06273037,845.91340463
-712.05183051,845.65722229
-712.04058138,845.40181364
-712.02950846,845.14585167
-712.01870145,844.88889321
-712.00771822,844.63248808
-711.99750843,844.37564630
-711.98717622,844.11369732
-711.97656017,843.85463167
-711.96578058,843.59478745
-711.95721157,843.33618525
-711.94744599,843.07757168
-711.93759600,842.81884631
-711.92817863,842.55957005
-711.91842781,842.29940260
-711.90859153,842.03923435
-711.90149764,841.77831516
-711.89321561,841.51649666
-711.88518894,841.25479160
-711.87725301,840.99253239
-711.86801606,840.73225883
-711.85895427,840.47154293
-711.84904306,840.21026396
-711.83886806,839.94975949
-711.82835224,839.68914078
-711.81775305,839.42829927
-711.80767196,839.16690769
-711.79888871,838.90386342
-711.79088629,838.63960557
-711.78243332,838.37778546
-711.77398140,838.11585435
-711.76524882,837.85647359
-711.75550221,837.59586219
-711.74558677,837.33502719
-711.73395562,837.07484188
-711.72286366,836.81188668
-711.71236470,836.54949212
-711.70082851,836.28830870
-711.69041818,836.02558198
-711.68009543,835.76263409
-711.67061787,835.50069324
-711.66141571,835.23675699
-711.65102437,834.97203244
-711.63917583,834.70773804
-711.62844366,834.44289924
-711.61780117,834.17761730
-711.60722728,833.91411202
-711.59785523,833.65006316
-711.58916798,833.38590980
-711.58064640,833.12231302
-711.57137669,832.85648912
-711.56202151,832.59066441
-711.55223371,832.32539058
-711.54254298,832.05889668
-711.53538388,831.85880528
-711.52830919,831.65882569
-711.52149196,831.45873754
-711.51467684,831.25842741
-711.50768973,831.05822665
-711.50045043,830.85757949
-711.49337995,830.65715593
-711.48478897,830.45483091
-711.47645228,830.25273031
-711.46896712,830.05097080
-711.46114008,829.84920805
-711.45348609,829.64722494
-711.44583526,829.44490886
-711.43826884,829.24270458
-711.43096305,829.04005877
-711.42339875,828.83763251
-711.41575213,828.63487246
-711.40725610,828.43154934
-711.39859019,828.22811360
-711.38992849,828.02423390
-711.38109480,827.82046357
-711.37234869,827.61647207
-711.36351711,827.41247975
-711.35468553,827.20848744
-711.34602699,827.00427477
-711.33872647,826.80107401
-711.33177099,826.59754352
-711.32489781,826.39434682
-711.31785686,826.19081553
-711.31064602,825.98717162
-711.30343835,825.78319474
-711.29614626,825.57910605
-711.28868640,825.37468277
-711.28053962,825.17058597
-711.27214065,824.96604276
-711.26365304,824.76183171
-711.25516755,824.55739869
-711.24701760,824.35363485
-711.23895523,824.14964985
-711.23114611,823.94600025
-711.22325467,823.74201687
-711.21536008,823.53836647
-711.20891529,823.33506284
-711.20255281,823.13209300
-711.19644779,822.92901460
-711.19050949,822.72638179
-711.18457118,822.52374898
-711.17863077,822.32133815
-711.17260383,822.11903750
-711.16658006,821.91640388
-711.16064070,821.71388207
-711.15656373,821.51326496
-711.15214489,821.31264460
-711.14764163,821.11191244
-711.14279860,820.91095505
-711.13769916,820.70999523
-711.13268941,820.50859225
-711.12672790,820.30840124
-711.12085502,820.10787806
-711.11399633,819.84019007
-711.10905940,819.64011979
-711.10403804,819.43993771
-711.09910110,819.23986744
-711.09459151,819.03980123
-711.09044041,818.77502498
-711.08678445,818.57507788
-711.08338595,818.37502222
-711.07848567,818.10812984
-711.07350202,817.84101467
-711.06952396,817.57601806
-711.06351257,817.30911512
-711.05690395,817.04209551
-711.05110994,816.77930166
-711.04500254,816.51350782
-711.04246084,816.31323831
-711.03876028,816.04602432
-711.03758503,815.84587879
-711.03701123,815.64540598
-711.03659967,815.38288528
-711.03382556,815.11712312
-711.03062515,814.85124590
-711.02842085,814.58848617
-711.02427712,814.32293298
-711.01917951,814.05881375
-711.01515504,813.79870074
-711.01134264,813.53426072
-711.00736141,813.26959709
-711.00480257,813.00816599
-711.00081817,812.74383534
-710.99700576,812.47939531
-710.99702787,812.21621274
-710.99450383,811.95111895
-710.99250105,811.68514211
-710.99279433,811.42040810
-710.99036209,811.15464919
-710.98801531,810.88889108
-710.98898918,810.62449654
-710.98800570,810.35919539
-710.98736092,810.09423047
-710.98986902,809.83029451
-710.98913983,809.56521778
-710.98814896,809.30069357
-710.98919881,809.03729876
-710.98726883,808.77265462
-710.98542432,808.50801130
-710.98374442,808.24403555
-710.98147468,807.97916618
-710.97954575,807.71441105
-710.97732139,807.45376015
-710.97494719,807.19088780
-710.97231658,806.92801302
-710.97139114,806.66559845
-710.97006577,806.40029406
-710.96874145,806.13487867
-710.96853141,805.86914087
-710.96703193,805.60416783
-710.96535836,805.33952613
-710.96435799,805.07600084
-710.96224230,804.81290895
-710.96038302,804.54981950
-710.95917269,804.29039924
-710.95738516,804.02875348
-710.95559658,803.76721871
-710.95593208,803.50703613
-710.95492011,803.24473174
-710.95409068,802.98120807
-710.95488411,802.71781083
-710.95414225,802.45406599
-710.95356606,802.19087773
-710.95486387,801.92837328
-710.95506007,801.66485936
-710.95533752,801.40179022
-710.95707533,801.13795795
-710.95718183,800.87488717
-710.95737487,800.61170623
-710.96150898,800.34756372
-710.96238366,800.08461125
-710.96360127,799.82155104
-710.96730488,799.55773745
-710.96886331,799.29479148
-710.97025186,799.03173289
-710.97387315,798.76758552
-710.97569010,798.50442000
-710.97758936,798.24158827
-710.98197355,797.97811415
-710.98420730,797.71606260
-710.98644316,797.45378907
-710.99056567,797.19086747
-710.99288278,796.92903871
-710.99477676,796.66676194
-710.99727536,796.40382490
-710.99830937,796.14209496
-710.99968737,795.88014628
-711.00269667,795.61743610
-711.00458643,795.35560328
-711.00656060,795.09388227
-711.00939475,794.83161443
-711.01136787,794.57000441
-711.01368075,794.30861962
-711.01685256,794.04679899
-711.01839516,793.78551788
-711.01925507,793.52411928
-711.02089053,793.26206206
-711.02200052,793.00133184
-711.02354207,792.74016172
-711.02629391,792.47756010
-711.02826386,792.21628305
-711.03014940,791.95489420
-711.03306796,791.69273816
-711.03562987,791.43213275
-711.03802084,791.17152571
-711.04067666,790.91003317
-711.04255165,790.64975423
-711.04476747,790.38958953
-711.04734204,790.12765223
-711.04956418,789.86682158
-711.05127245,789.60609705
-711.05341861,789.34426668
-711.05521341,789.08343197
-711.05717598,788.82293186
-711.05983496,788.56110636
-711.06205499,788.30049769
-711.06435944,788.04000083
-711.06803984,787.77862904
-711.07153980,787.51825454
-711.07478020,787.25821058
-711.07703820,786.99360625
-711.07866944,786.73199298
-711.08012762,786.47060008
-711.08186226,786.20710078
-711.08391663,785.94593554
-711.08631182,785.68488454
-711.08932111,785.42217436
-711.09222279,785.16179418
-711.09486700,784.90152255
-711.09735610,784.63958443
-711.09999610,784.37975677
-711.10246515,784.11992747
-711.10494792,783.85865531
-711.10758791,783.59882764
-711.11048432,783.33900241
-711.11407713,783.07785179
-711.11686065,782.82091151
-711.11913134,782.56396635
-711.12087761,782.30823722
-711.12332030,782.05118270
-711.12593393,781.79412980
-711.12845048,781.53829699
-711.13131630,781.28169049
-711.13426759,781.02508481
-711.13703422,780.76992038
-711.14049411,780.51376353
-711.14404157,780.25738551
-711.14698442,780.00166775
-711.15019106,779.74517549
-711.15365200,779.48890765
-711.15684914,779.23341431
-711.15988379,778.97703142
-711.16300285,778.72076033
-711.16517752,778.46492427
-711.16744400,778.20842308
-711.16979700,777.95181171
-711.17214367,777.69586629
-711.17517620,777.43970538
-711.17837862,777.18365708
-711.18114842,776.92815968
-711.18426642,776.67199959
-711.18729896,776.41583868
-711.18972372,776.16067100
-711.19241121,775.90483982
-711.19484335,775.64889520
-711.19701591,775.39328113
-711.19970446,775.13733895
-711.20230543,774.88161795
-711.20421631,774.62655639
-711.20613035,774.37116186
-711.20795893,774.11576651
-711.20961657,773.86036955
-711.21188199,773.60397935
-711.21431940,773.34747978
-711.21650039,773.09097778
-711.21894308,772.83392326
-711.22130029,772.57686793
-711.22306133,772.31958493
-711.22508721,772.06141645
-711.22368798,771.80388142
-711.21868952,771.54731120
-711.21737998,771.28933302
-711.21615696,771.03124466
-711.21219047,770.77401824
-711.21182530,770.51560503
-711.21171866,770.25697228
-711.20904054,769.99909209
-711.20910800,769.74012799
-711.20917757,769.48094191
-711.20753458,769.22207256
-711.20803782,768.96222459
-711.20847247,768.70059996
-711.20694976,768.43806873
-711.20738757,768.17611113
-711.20816726,767.91415678
-711.20758787,767.65130151
-711.20863030,767.38868365
-711.20975820,767.12606660
-711.20836630,766.85876358
-711.20771227,766.65773501
-711.20671635,766.45670320
-711.20563391,766.25578156
-711.20455147,766.05485992
-711.20355661,765.85371712
-711.20273374,765.65246495
-711.20208182,765.45121440
-711.20177282,765.24985611
-711.20154719,765.04872062
-711.20123820,764.84736233
-711.20101151,764.64633782
-711.20078587,764.44520233
-711.20064571,764.24406765
-711.20573474,763.97838022
-711.21048506,763.71235657
-711.22132800,763.44383781
-711.22862898,763.24221883
-711.23575796,763.04070922
-711.24297242,762.83920042
-711.25018793,762.63758063
-711.25706156,762.43595760
-711.26367772,762.23444312
-711.26995518,762.03259241
-711.27597516,761.83085026
-711.28182949,761.62855153
-711.28768276,761.42636380
-711.29336614,761.22406345
-711.29887858,761.02176147
-711.30422114,760.81934688
-711.30939170,760.61704166
-711.31447785,760.41462463
-711.31939095,760.21242796
-711.32405081,760.00989588
-711.32879403,759.80758660
-711.33354041,759.60494434
-711.33837437,759.40208091
-711.34312391,759.19910568
-711.34778798,758.99612964
-711.35262300,758.79315523
-711.35711402,758.59039954
-711.36143411,758.38764223
-711.36549779,758.18488249
-711.36956674,757.98156779
-711.37355127,757.77814129
-711.37762549,757.57427164
-711.38178624,757.37029181
-711.38603352,757.16620180
-711.39036626,756.96211260
-711.39469795,756.75813440
-711.39788684,756.54848429
-711.40107469,756.33894518
-711.40417601,756.12951625
-711.40790515,755.91698526
-711.41137894,755.70434084
-711.41485061,755.49191841
-711.41632379,755.28291801
-711.41779485,755.07413959
-711.41935033,754.86547297
-711.42124980,754.65658762
-711.42340779,754.44748272
-711.42547925,754.23848801
-711.42823869,754.02905583
-711.43108360,753.81962446
-711.43367210,753.61019065
-711.43608966,753.40075522
-711.43701204,753.19574561
-711.43810431,752.99084862
-711.43945299,752.78595406
-711.44106230,752.58061798
-711.44292907,752.37517334
-711.44471354,752.16939492
-711.44649801,751.96361650
-711.44828352,751.75772709
-711.44989916,751.55172506
-711.45031189,751.34637761
-711.45072673,751.14080817
-711.45114473,750.93490577
-711.45165031,750.72878219
-711.45232683,750.52266024
-711.45170232,750.31852394
-711.45108097,750.11405466
-711.45028973,749.90947278
-711.45002925,749.70300892
-711.44977087,749.49632308
-711.44968660,749.28930590
-711.44775363,749.07894112
-711.44624695,748.86869140
-711.44482891,748.65810951
-711.44375063,748.44775286
-711.44420660,748.23785478
-711.44457710,748.02795590
-711.44469119,747.81805458
-711.44454465,747.60859479
-711.44414170,747.39913256
-711.44374191,747.18933735
-711.44335056,746.97865423
-711.44278616,746.76819145
-711.44265122,746.55751076
-711.44328867,746.34650441
-711.44334471,746.13371652
-711.44365610,745.92104206
-711.44387886,745.70869975
-711.44588805,745.49726243
-711.44746990,745.28582105
-711.44896838,745.07415687
-711.44962270,744.86137467
-711.45001851,744.64881201
-711.45024127,744.43646970
-711.45063602,744.22401804
-711.44922219,744.01299219
-711.44900495,743.80197772
-711.45015522,743.59097624
-711.45472534,743.37989625
-711.45904117,743.16859185
-711.46207811,742.95694230
-711.46487446,742.74362544
-711.46758745,742.53008580
-711.46995855,742.31654290
-711.47233177,742.10277802
-711.47344087,741.88711412
-711.47472091,741.67145184
-711.47591231,741.45612173
-711.47675023,741.24200926
-711.47792792,741.02812202
-711.47944328,740.81468199
-711.48104305,740.60135377
-711.48272618,740.38824834
-711.48449477,740.17514373
-711.48617579,739.96226028
-711.48802986,739.74915647
-711.48987971,739.53649663
-711.49164515,739.32372499
-711.49349394,739.11117613
-711.49534168,738.89873827
-711.49710395,738.68629960
-711.49903611,738.47397354
-711.50105584,738.26142632
-711.50307347,738.04910107
-711.50535172,737.83633430
-711.50762892,737.62367852
-711.50973412,737.41113211
-711.51192480,737.19858650
-711.51436134,736.98715325
-711.51688440,736.77560981
-711.51957840,736.56406800
-711.52020847,736.35383858
-711.52092294,736.14372097
-711.52198036,735.93349562
-711.52312219,735.72338207
-711.52426402,735.51326851
-711.52557784,735.30304560
-711.52680620,735.09282187
-711.52915304,734.88183176
-711.53132684,734.67106201
-711.53333076,734.46017965
-711.53542541,734.24874314
-711.53760343,734.03752943
-711.53986586,733.82642752
-711.54271604,733.61644120
-711.54565169,733.40645570
-711.54867385,733.19636001
-711.55186697,732.98626596
-711.55514555,732.77617271
-711.55850854,732.56619127
-711.56178607,732.35620901
-711.56352302,732.14643412
-711.56508799,731.93676859
-711.56656642,731.72721324
-711.56787391,731.51765627
-711.56918141,731.30809930
-711.57066090,731.09843296
-711.57222586,730.88876743
-711.57379187,730.67899092
-711.57544125,730.46943719
-711.57717609,730.25988428
-711.58061401,730.05101356
-711.58379552,729.84214040
-711.58689156,729.63326643
-711.58973119,729.42439002
-711.59256871,729.21573559
-711.59523423,729.00719053
-711.59798628,728.79853530
-711.60031203,728.58976500
-711.60272325,728.38099553
-711.60521889,728.17233785
-711.60771242,727.96390216
-711.61020595,727.75546647
-711.61269737,727.54725275
-711.61441745,727.33925371
-711.61613752,727.13125467
-711.61777213,726.92325482
-711.61932232,726.71514317
-711.61864502,726.50756535
-711.61771341,726.29976311
-711.61703610,726.09218530
-711.61644637,725.88438631
-711.61611200,725.67670075
-711.61586416,725.46890501
-711.61518790,725.26121620
-711.61468259,725.05352902
-711.61434927,724.84573247
-711.61418689,724.63793754
-711.61419440,724.43025523
-711.61428633,724.22268472
-711.61454919,724.01511584
-711.61472552,723.80765714
-711.61464334,723.60041798
-711.61456011,723.39328981
-711.61456234,723.18616245
-711.61661691,722.97894360
-711.61841402,722.77183330
-711.61995683,722.56449858
-711.62175499,722.35727729
-711.62346768,722.15005518
-711.62509279,721.94305425
-711.62680232,721.73616512
-711.62833985,721.52938535
-711.62979192,721.32260478
-711.63098968,721.11559978
-711.63201650,720.90859316
-711.63321426,720.70158817
-711.63458296,720.49458480
-711.63586724,720.28746962
-711.63680754,720.08057319
-711.63791772,719.87378936
-711.63987838,719.66745762
-711.64218093,719.46112913
-711.64456894,719.25480145
-711.64687465,719.04813998
-711.64900731,718.84169888
-711.65079914,718.63514353
-711.65233457,718.42858575
-711.65395440,718.22213977
-711.65582749,718.01602920
-711.65752963,717.80991701
-711.65923072,717.60391580
-711.66093181,717.39791460
-711.66263289,717.19191339
-711.66467692,716.98580445
-711.66689188,716.77969713
-711.66884938,716.57369836
-711.67046500,716.36769634
-711.67026359,716.16400808
-711.66989335,715.96009620
-711.66977636,715.75651974
-711.67000441,715.55261355
-711.67066087,715.34860044
-711.67166132,715.14436859
-711.67265966,714.94035872
-711.67374558,714.73612768
-711.67466162,714.53178403
-711.67557870,714.32732939
-711.67632169,714.12320609
-711.67689478,713.91897018
-711.68070521,713.71587504
-711.68417375,713.51277666
-711.68755787,713.30956647
-711.69077211,713.10624366
-711.69381647,712.90280824
-711.69686188,712.69926183
-711.70024706,712.49594064
-711.70388865,712.29262190
-711.71100710,712.09222221
-711.71804220,711.89159973
-711.72473541,711.69097400
-711.73142757,711.49045926
-711.73811972,711.28994452
-711.74429801,711.08953590
-711.74979463,710.88889880
-711.75537779,710.68815153
-711.76087547,710.48740343
-711.76603444,710.28631912
-711.77102141,710.08534418
-711.77584060,709.88403464
-711.78065979,709.68272510
-711.78522468,709.48119114
-711.78953316,709.27965474
-711.79375618,709.07811754
-711.79806571,708.87647015
-711.80245966,708.67493457
-711.80677025,708.47317619
-711.81082338,708.27152637
-711.81361420,708.00481812
-711.81640080,707.73855384
-711.81940268,707.47662062
-711.82219140,707.21013436
-711.82480917,706.94364647
-711.82713256,706.68115180
-711.82889984,706.41421183
-711.83075471,706.14705069
-711.83431294,705.94350915
-711.83795348,705.74030140
-711.84168054,705.53698346
-711.84423000,705.33165633
-711.84669610,705.12610640
-711.84907251,704.92099963
-711.85136240,704.71600303
-711.85365123,704.51111742
-711.85610995,704.30634443
-711.85831331,704.10145801
-711.85915969,703.89544869
-711.86025932,703.68977477
-711.86144231,703.48432365
-711.86262424,703.27898353
-711.86380617,703.07364340
-711.86489947,702.86863543
-711.86599172,702.66373845
-711.86716943,702.45884229
-711.86843051,702.25416892
-711.86986147,702.04960816
-711.87121434,701.84426966
-711.87273710,701.63904377
-711.87434533,701.43381869
-711.87603903,701.22859443
-711.87773168,701.02348115
-711.87942327,700.81847887
-711.88094286,700.61358596
-711.87847699,700.40532515
-711.87609342,700.19739812
-711.87370774,699.98969308
-711.87235614,699.78110985
-711.87134326,699.57286285
-711.87084215,699.36473171
-711.86939031,699.15770155
-711.86793637,698.95089336
-711.86639695,698.74408437
-711.86493984,698.53760916
-711.86374020,698.33102539
-711.86270939,698.12466523
-711.86193288,697.91852949
-711.86046417,697.71327517
-711.85925082,697.50813429
-711.85871279,697.30388782
-711.85825918,697.09975317
-711.85780451,696.89572950
-711.85726332,696.69181601
-711.85406937,696.48821031
-711.85096195,696.28449444
-711.84794212,696.08055739
-711.84517763,695.87673378
-711.84583514,695.67260967
-711.84674694,695.46870999
-711.84774316,695.26492211
-711.84899579,695.06113667
-711.85042042,694.85724186
-711.85175852,694.65345723
-711.85300905,694.44989376
-711.85408968,694.24621769
-711.85508485,694.04254080
-711.85633431,693.83908833
-711.85783914,693.63574928
-711.85934185,693.43263222
-711.86032753,693.22995425
-711.86097026,693.02738402
-711.86152858,692.82470199
-711.86191702,692.62190734
-711.86247744,692.41900332
-711.86320670,692.21632291
-711.86402144,692.01364332
-711.86500816,691.81085435
-711.86616477,691.60817801
-711.86740475,691.40572445
-711.86822053,691.20293387
-711.86920621,691.00025589
-711.87010641,690.79757711
-711.87083672,690.59478571
-711.87131168,690.39188089
-711.87187000,690.18919885
-711.87251167,689.98673961
-711.87332429,689.78428200
-711.87318303,689.58325833
-711.87304176,689.38223466
-711.87298491,689.18132279
-711.87277820,688.97818949
-711.87265803,688.77494601
-711.87236481,688.57192288
-711.87181306,688.36911930
-711.87117690,688.16620392
-711.87062304,687.96362232
-711.87032454,687.76115415
-711.87036476,687.55902220
-711.87057697,687.35678088
-711.87095802,687.15476317
-711.87125465,686.95263365
-711.87155233,686.75039315
-711.87167697,686.54837300
-711.87180371,686.34613087
-711.87225757,686.14544586
-711.87262596,685.94476003
-711.87299435,685.74407421
-711.87336273,685.54338839
-711.87398648,685.34281599
-711.87495211,685.14224685
-711.87608973,684.94156834
-711.87722841,684.74077883
-711.87810962,684.54009788
-711.87873442,684.33941450
-711.87909965,684.13906165
-711.87938045,683.93859699
-711.87957474,683.73824252
-711.87660871,683.53763601
-711.87406899,683.33714456
-711.87161473,683.13665392
-711.86958783,682.93616734
-711.86755987,682.73579175
-711.86527550,682.53541372
-711.86377514,682.33348913
-711.86236129,682.13145437
-711.86103187,681.92953140
-711.85995885,681.72761088
-711.85635019,681.52266924
-711.85299794,681.31773003
-711.84989894,681.11312624
-711.84688436,680.90863425
-711.84386766,680.70436423
-711.84084886,680.50031620
-711.83791447,680.29637998
-711.83687098,680.09135171
-711.83574097,679.88643363
-711.83700098,679.68187125
-711.83817445,679.47741906
-711.83942918,679.27341164
-711.84068181,679.06962620
-711.84184368,678.86639490
-711.84291798,678.66338477
-711.84416216,678.46048726
-711.84548865,678.25792353
-711.84699030,678.05491747
-711.84866289,677.85191302
-711.85050748,677.64879921
-711.85244070,677.44535324
-711.85402887,677.24223700
-711.85570463,677.03889959
-711.85720628,676.83589352
-711.85862456,676.63266466
-711.85995527,676.42965697
-711.86071721,676.22353585
-711.86105075,676.01752167
-711.86129881,675.81150667
-711.86154582,675.60560266
-711.86187619,675.39992145
-711.86245875,675.19468664
-711.86329351,674.98989822
-711.86455351,674.78533585
-711.86598024,674.58121906
-711.86749032,674.37732507
-711.86925260,674.17387748
-711.87076057,673.97020547
-711.87226961,673.76642247
-711.87369211,673.56274965
-711.87520430,673.35863367
-711.87654239,673.15484905
-711.87770954,672.95106280
-711.88067368,672.74707163
-711.88329383,672.54329919
-711.88565968,672.33930233
-711.88785247,672.13552582
-711.88987644,671.93152571
-711.89181282,671.72774678
-711.89392225,671.52374748
-711.89603063,671.31985917
-711.89813690,671.11619285
-711.90024212,670.91263752
-711.90340462,670.70576221
-711.90656608,670.49899789
-711.90989530,670.29256817
-711.91313800,670.08624863
-711.91865573,669.88339173
-711.92383051,669.68064257
-711.92883435,669.47789179
-711.93375272,669.27514019
-711.93850226,669.07216499
-711.94299433,668.86929834
-711.94731334,668.66665205
-711.95129154,668.46389152
-711.95526551,668.26157495
-711.95915506,668.05914659
-711.96295704,667.85693939
-711.96667460,667.65462038
-711.97047552,667.45252417
-711.97855075,667.18742017
-711.98329893,666.92161854
-711.98812837,666.65626169
-711.99559159,666.39259488
-712.00006965,666.12823370
-712.00633312,665.86488848
-712.01651242,665.60324549
-712.02405372,665.34035643
-712.02429756,665.13478540
-712.02471024,664.92943797
-712.02545741,664.72487073
-712.02620142,664.52063646
-712.02719551,664.31707057
-712.02827191,664.11383846
-712.02933565,663.91193825
-712.03031076,663.71037019
-712.03136501,663.50946889
-712.03190222,663.30900668
-712.03305641,663.04361491
-712.03363656,662.77566467
-712.03529198,662.51149866
-712.03702865,662.24777744
-712.03643119,661.97781799
-712.03578340,661.77612351
-712.03538570,661.57509742
-712.03498273,661.37462627
-712.03553124,661.11000575
-712.03633300,660.84572064
-712.03487345,660.57653000
-712.03566466,660.31335480
-712.03670490,660.05095896
-712.03589853,659.78499356
-712.03684275,659.52370682
-712.03761076,659.26297341
-712.03695318,658.99934043
-712.03755869,658.73771747
-712.03824861,658.47620631
-712.03610317,658.20723116
-712.03662321,657.94560739
-712.03705249,657.68453776
-712.03564782,657.41856667
-712.03615414,657.15838578
-712.03666257,656.89798291
-712.03593112,656.63312822
-712.03677616,656.37328355
-712.03709782,656.11454391
-712.03548108,655.85289984
-712.03536906,655.59482208
-712.03542904,655.33663496
-712.03296813,655.07387286
-712.03149701,654.81489419
-712.03002800,654.55569353
-712.02594103,654.29313798
-712.02464508,654.03371696
-712.02326575,653.77407316
-712.01883795,653.51140337
-712.01703444,653.25142253
-712.01531745,652.99133151
-712.01089493,652.72810677
-712.00952826,652.46713107
-712.00859106,652.20593746
-712.00572388,651.94095148
-712.00504836,651.67920535
-712.00377560,651.41734254
-712.00004950,651.15279241
-711.99861001,650.89048401
-711.99760105,650.62784671
-711.99524564,650.36297659
-711.99466825,650.09989939
-711.99418054,649.83637903
-711.99219128,649.56895938
-711.99172256,649.30344119
-711.99099848,649.03780957
-711.99008056,648.83755554
-711.98907927,648.63707872
-711.98850851,648.43627299
-711.98810763,648.23557986
-711.98813305,648.03500179
-711.98841067,647.83487012
-711.98860703,647.63429368
-711.98881605,647.43238535
-711.98876233,647.23114052
-711.98845747,647.02933831
-711.98831933,646.82798168
-711.98792900,646.62617865
-711.98753761,646.42448662
-711.98706391,646.22246080
-711.98650791,646.02010119
-711.98612496,645.81752123
-711.98591401,645.61483190
-711.98638998,645.41181610
-711.98763731,645.20858562
-711.98914422,645.00502461
-711.99047912,644.80157297
-711.99147531,644.59778511
-711.99229739,644.39432859
-711.99260770,644.19075621
-711.99274812,643.98707121
-711.99280307,643.78338541
-711.99268497,643.57991996
-711.99248245,643.37634270
-711.99261970,643.17299068
-711.99284243,642.96963947
-711.99315274,642.76606709
-711.99355063,642.56227354
-711.99394851,642.35847999
-711.99452051,642.15435509
-711.99500808,641.95011840
-711.99549460,641.74599269
-711.99564030,641.54175274
-711.99578071,641.33806774
-711.99566683,641.13415833
-711.99538727,640.92969234
-711.99544855,640.72534059
-711.99576940,640.52065831
-711.99617889,640.31564386
-711.99667596,640.11040824
-711.99914413,639.90463636
-712.00144137,639.69886284
-712.00365208,639.49319951
-712.00696442,639.28854565
-712.01019129,639.08389098
-712.01333269,638.87923549
-712.01800202,638.67570454
-712.02258483,638.47228376
-712.02665376,638.26896910
-712.03081027,638.06543326
-712.03531393,637.86134573
-712.03973424,637.65703540
-712.04415559,637.45261408
-712.04832476,637.24774636
-712.05232614,637.04254405
-712.05598564,636.83733848
-712.05913759,636.63157309
-712.06203629,636.42547229
-712.06485162,636.21914870
-712.06758465,636.01249132
-712.07042424,635.80361495
-712.07343583,635.59462920
-712.07670489,635.38553490
-712.08006047,635.17633043
-712.08350258,634.96701577
-712.08565313,634.75868785
-712.08772032,634.55013713
-712.08953426,634.34125101
-712.09126378,634.13225308
-712.09282447,633.92303155
-712.09395780,633.71380596
-712.09509218,633.50446937
-712.09648509,633.29491324
-712.09667719,633.08578971
-712.09704444,632.87622383
-712.09792030,632.66710679
-712.09862311,632.45821011
-712.09915709,632.24908983
-712.09960876,632.03963575
-712.09961725,631.83184248
-712.09954027,631.62404840
-712.09903277,631.41658323
-712.09869727,631.20900869
-712.09853482,631.00121379
-712.09880289,630.79308998
-712.09941601,630.58463645
-712.10028765,630.37596338
-712.10116140,630.16706832
-712.10186843,629.95772768
-712.10257968,629.74794307
-712.10329303,629.53793649
-712.10400533,629.32804089
-712.10463216,629.11814448
-712.10526004,628.90813708
-712.10597445,628.69801950
-712.10685980,628.48790355
-712.10800262,628.27767904
-712.10940185,628.06745697
-712.11045393,627.85778660
-712.11176136,627.64822966
-712.11315638,627.43845156
-712.11463475,627.22889624
-712.11611419,627.01922994
-712.11767803,626.80967543
-712.11941388,626.60001157
-712.12115078,626.39023671
-712.12288662,626.18057284
-712.12471005,625.97068780
-712.12670441,625.76080439
-712.12887183,625.55070062
-712.13103609,625.34092982
-712.13328793,625.13093785
-712.13545323,624.92105606
-712.13770507,624.71106410
-712.13952322,624.50173401
-712.14143001,624.29207177
-712.14333574,624.08252052
-712.14532694,623.87297008
-712.14723478,623.66319684
-712.14931356,623.45342523
-712.15147782,623.24365444
-712.15389954,623.03377508
-712.15640779,622.82378555
-712.15900151,622.61379684
-712.16159523,622.40380812
-712.16410559,622.19359661
-712.16670142,621.98338591
-712.16929725,621.77317521
-712.17223391,621.56307875
-712.17542909,621.35276275
-712.17793207,621.14332817
-712.18060599,620.93389522
-712.18344980,620.72457488
-712.18637907,620.51525536
-712.18930835,620.30593584
-712.19206563,620.09672568
-712.19499596,619.88729516
-712.19792524,619.67797564
-712.20077115,619.46843332
-712.20352843,619.25922317
-712.20645982,619.04968166
-712.20964762,618.84014259
-712.21326383,618.63049659
-712.21696446,618.42096240
-712.22075162,618.21131803
-712.22470972,618.00167528
-712.22628938,617.79045591
-712.22777197,617.58045664
-712.22934109,617.37034719
-712.23090915,617.16034873
-712.23222185,616.95023684
-712.23353456,616.74012495
-712.23501820,616.53001468
-712.23675932,616.31979586
-712.23892673,616.10969210
-712.24118173,615.89936716
-712.24369314,615.68904466
-712.24654749,615.47861442
-712.24914227,615.26851471
-712.25182357,615.05830483
-712.25450381,614.84820594
-712.25735605,614.63799768
-712.26029482,614.42767924
-712.26297507,614.21758035
-712.26478267,614.00936017
-712.26650374,613.80125018
-712.26814356,613.59269541
-712.26986991,613.38403046
-712.27176615,613.17547812
-712.27391985,612.96681724
-712.27624345,612.75826897
-712.27865356,612.54961052
-712.28115021,612.34084189
-712.28381780,612.13207488
-712.28657191,611.92319770
-712.28940939,611.71454331
-712.29233761,611.50533478
-712.29518141,611.29601445
-712.29776670,611.08691366
-712.30018209,610.87770026
-712.30259643,610.66859784
-712.30516905,610.46082894
-712.30791473,610.25283969
-712.31075009,610.04440728
-712.31358546,609.83597487
-712.31642294,609.62732048
-712.32091074,609.41590676
-712.32522760,609.20449141
-712.32945687,608.99329723
-712.33359857,608.78232422
-712.33765374,608.57146139
-712.34170891,608.36059856
-712.34601944,608.14984915
-712.35050197,607.93899038
-712.35498661,607.72790963
-712.35921377,607.51693743
-712.36326789,607.30618559
-712.36715212,607.09532113
-712.36939551,606.88621710
-712.37189427,606.67722649
-712.37448060,606.46801471
-712.37723999,606.25858258
-712.37974507,606.04892603
-712.38392689,605.84272643
-712.38785545,605.63619142
-712.39178402,605.42965642
-712.39588248,605.22323403
-712.40006641,605.01681245
-712.40408150,604.81016726
-712.40826859,604.60341271
-712.41262874,604.39643781
-712.41716193,604.18924254
-712.42161071,603.98193547
-712.42597402,603.77462759
-712.42827125,603.56885409
-712.43065711,603.36274843
-712.43287202,603.15664115
-712.43526000,602.95031350
-712.43781891,602.74398748
-712.44046540,602.53744030
-712.44302748,602.33078131
-712.44558850,602.12423331
-712.44840699,601.91757675
-712.45122548,601.71092020
-712.45395956,601.50415184
-712.45669574,601.29716151
-712.46110234,601.09429407
-712.46542452,600.89131483
-712.46974880,600.68811360
-712.47399078,600.48457860
-712.47892286,600.28038414
-712.48402588,600.07619131
-712.48904554,599.87177569
-712.49415173,599.66724989
-712.49934550,599.46250292
-712.50437043,599.25753235
-712.50939747,599.05233979
-712.51434115,598.84692444
-712.51911495,598.64139647
-712.52354896,598.43564327
-712.52789751,598.22988927
-712.53207511,598.02413364
-712.53625376,597.81826701
-712.54051789,597.61240120
-712.54461213,597.40642278
-712.54870848,597.20022237
-712.55306124,596.99402440
-712.55758495,596.78782805
-712.56047836,596.58228222
-712.56345620,596.37684819
-712.56643403,596.17141416
-712.56949628,595.96609193
-712.57264506,595.76065953
-712.57579489,595.55511613
-712.57885925,595.34957192
-712.58175372,595.14391510
-712.58447936,594.93803467
-712.58703300,594.73226361
-712.58984200,594.52660597
-712.59282405,594.32072798
-712.59554969,594.11484755
-712.59853280,593.90885857
-712.60143149,593.70275779
-712.60433123,593.49654601
-712.60706109,593.29022162
-712.60824402,593.08477054
-712.60951452,592.87909828
-712.61086840,592.67364882
-712.61230985,592.46797819
-712.61374814,592.26264054
-712.61553042,592.05708415
-712.61748681,591.85119641
-712.61944215,591.64541966
-712.62140065,591.43930994
-712.62327262,591.23331040
-712.62276721,591.02562326
-712.62243168,590.81804874
-712.62218058,590.61058601
-712.62210147,590.40301392
-712.62219013,590.19577643
-712.62262280,589.98832021
-712.62235693,589.78241135
-712.62226410,589.57628214
-712.62259864,589.37015699
-712.62259234,589.16391760
-712.62250058,588.95767741
-712.62257870,588.75154982
-712.62274335,588.54531205
-712.62324988,588.33907754
-712.62410041,588.13262429
-712.62520630,587.92628447
-712.62639661,587.72005645
-712.62775680,587.51394105
-712.62928794,587.30782727
-712.63090456,587.10171431
-712.63243780,586.89537855
-712.63322079,586.68703765
-712.63408925,586.47869756
-712.63400486,586.27168042
-712.63357964,586.06454905
-712.63323884,585.85752948
-712.63306792,585.65062252
-712.63315553,585.44349602
-712.63358292,585.23659475
-712.63410000,585.02925033
-712.63478486,584.82224050
-712.63564277,584.61501032
-712.63649962,584.40789113
-712.63709796,584.20099149
-712.63769312,583.99442481
-712.63846029,583.78774877
-712.63914198,583.58107192
-712.63990809,583.37450687
-712.64050431,583.16782921
-712.64040304,582.96258792
-712.64141291,582.75735720
-712.64276994,582.55157477
-712.64412381,582.34612532
-712.64565283,582.14023352
-712.64717975,581.93456371
-712.64887972,581.72867354
-712.65058075,581.52267237
-712.65236830,581.31656103
-712.65415585,581.11044970
-712.65611540,580.90422899
-712.65799053,580.69789648
-712.66003556,580.49167659
-712.66207952,580.28556768
-712.66421107,580.07923761
-712.66634262,579.87290754
-712.66726490,579.66789799
-712.66818824,579.46277744
-712.66919811,579.25754672
-712.67020798,579.05231599
-712.67104795,578.84697266
-712.67272367,578.64363527
-712.67448802,578.43996573
-712.67642225,578.23640880
-712.67869943,578.03274413
-712.68106313,577.82896928
-712.68359673,577.62530705
-712.68604591,577.42153301
-712.68832309,577.21786834
-712.69043143,577.01398006
-712.69245430,576.81009098
-712.69447823,576.60609090
-712.69633332,576.40186721
-712.69819052,576.19742155
-712.69833196,575.99362558
-712.69855992,575.78971944
-712.69878788,575.58581330
-712.69918890,575.38168680
-712.69967539,575.17756111
-712.70016293,574.97332443
-712.70073699,574.76897757
-712.70131423,574.56429775
-712.69917534,574.35759409
-712.69720740,574.15089207
-712.69541040,573.94419167
-712.69361234,573.73760226
-712.69172777,573.53112302
-712.68992655,573.32486658
-712.68829838,573.11838979
-712.68726746,572.91202967
-712.68649402,572.70556099
-712.68511594,572.49975258
-712.68382333,572.29394497
-712.68261725,572.08802719
-712.68149348,571.88244320
-712.68037076,571.67674821
-712.67907605,571.47116259
-712.67777922,571.26579895
-712.67648450,571.06021333
-712.67501990,570.85451509
-712.67372201,570.64926244
-712.67267844,570.44423421
-712.67197886,570.23898725
-712.67178790,570.03418912
-712.67176471,569.82972559
-712.67182489,569.62548485
-712.67196631,569.42168889
-712.67124143,569.21910570
-712.67060095,569.01663432
-712.66987500,568.81416212
-712.66923242,568.61191272
-712.66841784,568.40977268
-712.66811503,568.20774851
-712.66789770,568.00572515
-712.66750626,567.80403314
-712.66719712,567.60267491
-712.66688693,567.40142767
-712.66657674,567.20018044
-712.66652613,566.99860266
-712.66638900,566.79713507
-712.66625397,566.59544550
-712.66645978,566.39387016
-712.66691778,566.19274122
-712.66685557,565.99238435
-712.66687672,565.79225027
-712.66706987,565.59200682
-712.66734743,565.39187518
-712.66762395,565.19185452
-712.66690401,564.92577898
-712.66712637,564.65949038
-712.66726009,564.39353395
-712.66619194,564.12812110
-712.66683322,563.86272450
-712.66815511,563.59766736
-712.66887343,563.33315949
-712.67044542,563.06877074
-712.67227065,562.80471739
-712.67563333,562.54078966
-712.67908464,562.27652976
-712.68236184,562.01260121
-712.68666893,561.74823845
-712.68960109,561.48463962
-712.69235913,561.22137214
-712.69597189,560.95811279
-712.69855477,560.69528765
-712.70096460,560.43268287
-712.70675108,560.16555914
-712.71054428,559.90130249
-712.71475851,559.63771585
-712.72103990,559.37248384
-712.72558547,559.11001036
-712.73038430,558.84787228
-712.73665091,558.58419414
-712.74118805,558.32260858
-712.74589613,558.06102464
-712.75172801,557.79811938
-712.75531968,557.53707984
-712.75856630,557.27637002
-712.76301796,557.01478365
-712.76642920,556.75474140
-712.76966633,556.49503050
-712.77428261,556.23411170
-712.77769068,555.97440242
-712.78143853,555.71491837
-712.78681984,555.45445084
-712.79150472,555.19530870
-712.79610202,554.93638773
-712.80164900,554.67647678
-712.80582210,554.41721878
-712.80982320,554.15807014
-712.81434874,553.89770548
-712.81767345,553.63777341
-712.82099394,553.37828531
-712.82517759,553.11791740
-712.82867008,552.85831993
-712.83216045,552.59894444
-712.83668388,552.33880176
-712.84060584,552.07898637
-712.84452780,551.81917097
-712.84922428,551.55880794
-712.85331612,551.29910516
-712.85702495,551.04372777
-712.86104614,550.79146137
-712.86459035,550.53541642
-712.86805014,550.27925966
-712.87208399,550.02566137
-712.87572000,549.76895128
-712.87944148,549.51224200
-712.88382459,549.25787003
-712.88788902,549.00105301
-712.89203892,548.74423681
-712.89659931,548.48920051
-712.90066584,548.23216151
-712.90456354,547.97489891
-712.90878837,547.71919342
-712.91234629,547.46170559
-712.91590526,547.20410676
-712.92004778,546.94806749
-712.92403096,546.69080570
-712.92810487,546.43298977
-712.93242044,546.17673014
-712.93608071,545.91746727
-712.93974625,545.65764944
-712.94928613,545.39133839
-712.95777535,545.19061878
-712.96583404,544.99022808
-712.97346432,544.78994430
-712.98083607,544.58988008
-712.98803583,544.38992521
-712.99593802,544.12504161
-713.00279589,543.92508350
-713.01035514,543.66030765
-713.02145988,543.39123645
-713.02307936,543.13084418
-713.02495210,542.87078732
-713.03232674,542.61644377
-713.03844883,542.35898030
-713.04431345,542.10162539
-713.05876221,541.84046702
-713.06765105,541.57969982
-713.07628137,541.31915217
-713.08910510,541.05808936
-713.09722258,540.79753683
-713.10542449,540.53709611
-713.11739349,540.27602518
-713.12568298,540.01536329
-713.12890534,539.75720626
-713.13091527,539.50070273
-713.13482774,539.24188626
-713.13891221,538.98296042
-713.14221477,538.72535916
-713.14724154,538.46622028
-713.15243820,538.20719401
-713.15650791,537.94982204
-713.16128143,537.69034775
-713.16622800,537.43065310
-713.17074405,537.17128736
-713.17235931,536.91133906
-713.16949943,536.65456725
-713.15878774,536.40549088
-713.15710865,536.15039530
-713.15603419,535.89463947
-713.14815469,535.64436900
-713.14761732,535.38606526
-713.14699870,535.12731673
-713.13983461,534.87372305
-713.13964862,534.61442363
-713.13963147,534.35534782
-713.13486904,534.10088895
-713.13605483,533.84115857
-713.13761098,533.57843468
-713.13289390,533.31920321
-713.13264459,533.05757218
-713.13308222,532.79561468
-713.12862683,532.53583069
-713.13077601,532.27366745
-713.13318583,532.01106268
-713.13171670,531.75186207
-713.13439243,531.48826082
-713.13595490,531.22487099
-713.13304434,530.96443568
-713.13496031,530.69982821
-713.13929165,530.43291267
-713.14230432,530.23280703
-713.14043419,529.97082759
-713.14329879,529.70534113
-713.14633750,529.43952331
-713.14619264,529.17589526
-713.14975262,528.90919440
-713.15365976,528.64194183
-713.15598865,528.44182968
-713.15840406,528.24160737
-713.16082158,528.04116306
-713.16332775,527.84038660
-713.16592043,527.63949996
-713.16860175,527.43828116
-713.17128624,527.23672939
-713.17431578,527.03484790
-713.17734637,526.83285542
-713.17831403,526.63206434
-713.17953916,526.43116470
-713.18077799,526.22882219
-713.18227430,526.02637112
-713.18394367,525.82369970
-713.18578608,525.62080792
-713.18780261,525.41758479
-713.18982019,525.21425067
-713.19209841,525.01047503
-713.19455073,524.80636804
-713.19700517,524.60203906
-713.19937519,524.39759829
-713.20174837,524.19282454
-713.20420808,523.98794061
-713.20666884,523.78294569
-713.20913171,523.57772880
-713.21021226,523.37405277
-713.21155344,523.16993522
-713.21332409,522.96559975
-713.21535433,522.76093375
-713.21738667,522.55604576
-713.21942007,522.35104678
-713.22212671,522.14716421
-713.22483545,521.94305965
-713.22745977,521.73884329
-713.22991526,521.53440333
-713.23220297,521.32962877
-713.23423742,521.12451880
-713.23653251,520.91896731
-713.23908718,520.71308528
-713.24198585,520.50698452
-713.24505863,520.30055241
-713.24813247,520.09400931
-713.24939872,519.88878104
-713.25066814,519.68321980
-713.25176873,519.47743495
-713.25312995,519.27120858
-713.25457980,519.06465005
-713.25620271,518.85787116
-713.25774120,518.65098047
-713.25936833,518.44375762
-713.26116851,518.23631441
-713.26322722,518.02865166
-713.26554446,517.82076936
-713.26794717,517.61288787
-713.27018104,517.40478278
-713.27224503,517.19656508
-713.27405575,516.98801196
-713.27586859,516.77923687
-713.27579365,516.57122084
-713.27606587,516.36265310
-713.27659451,516.15408781
-713.27746715,515.94530378
-713.27850968,515.73663236
-713.27946990,515.52762716
-713.28034571,515.31851016
-713.28114131,515.10883740
-713.28202449,514.89894346
-713.28291084,514.68871655
-713.28388583,514.47815749
-713.28477745,514.26737562
-713.28584107,514.05648440
-713.28707564,513.84559479
-713.28856873,513.63448565
-713.29006288,513.42326551
-713.29147155,513.21204456
-713.29280003,513.00026784
-713.29267231,512.78881029
-713.29271975,512.57691040
-713.29310908,512.36501376
-713.29350052,512.15289514
-713.29406185,511.94088913
-713.29462107,511.72910511
-713.29509693,511.51709829
-713.29582815,511.30520490
-713.29705639,511.09498124
-713.29828357,510.88486857
-713.29915093,510.67663950
-713.29993493,510.46818763
-713.30080229,510.25995856
-713.30184271,510.05150913
-713.30203367,509.84249662
-713.30239558,509.63348574
-713.30198718,509.42457854
-713.30158300,509.21522737
-713.30085591,509.00387513
-713.30030082,508.79241352
-713.29974574,508.58095191
-713.29927717,508.36938012
-713.29889198,508.15803113
-713.29850572,507.94679312
-713.29820599,507.73544494
-713.29711592,507.52630926
-713.29619679,507.31717521
-713.29545177,507.10770981
-713.29462444,506.89791062
-713.29379501,506.68833342
-713.29305421,506.47842405
-713.29212558,506.27028891
-713.29145232,506.06226720
-713.29052265,505.85424306
-713.28993803,505.64588919
-713.28943782,505.43764712
-713.28893867,505.22929406
-713.28844163,505.02071902
-713.28727557,504.81058362
-713.28636593,504.60045065
-713.28553860,504.39065146
-713.28342496,504.18128406
-713.28122690,503.97180485
-713.27945621,503.76232970
-713.27794404,503.55263501
-713.27711354,503.34316880
-713.27628410,503.13359159
-713.27528160,502.92423475
-713.27453658,502.71476935
-713.27379472,502.50497098
-713.27330717,502.29539702
-713.27324909,502.08560515
-713.27353184,501.87592751
-713.27381354,501.66636087
-713.27409314,501.45701620
-713.27428831,501.24755974
-713.27448243,501.03821426
-713.27450560,500.82886716
-713.27461530,500.61940988
-713.27472500,500.40995261
-713.27492018,500.20049614
-713.27537177,499.99104211
-713.27582125,499.78181006
-713.27652715,499.57258045
-713.27740294,499.36346346
-713.27828084,499.15412448
-713.27907221,498.94489568
-713.27994695,498.73588968
-713.28090821,498.52677349
-713.28186841,498.31776830
-713.28300062,498.10865374
-713.28508041,497.89877118
-713.28707473,497.68888781
-713.28898674,497.47867065
-713.29072570,497.26867385
-713.29272423,497.05834652
-713.29498024,496.84791063
-713.29783350,496.63759142
-713.30085771,496.42727383
-713.30379434,496.21717741
-713.30664760,496.00685820
-713.30949559,495.79709394
-713.31235096,495.58655274
-713.31486128,495.37634127
-713.31694107,495.16645871
-713.31876339,494.95668471
-713.32058148,494.74735467
-713.32266022,494.53758310
-713.32507663,494.32825874
-713.32817787,494.11882989
-713.33162100,493.90940429
-713.33505992,493.70042265
-713.33841547,493.49121822
-713.34134577,493.28178774
-713.34411040,493.07180069
-713.34661966,492.86170021
-713.34870261,492.65148468
-713.35069904,492.44137933
-713.35286641,492.23127560
-713.35537040,492.02173008
-713.35822472,491.81129988
-713.36141881,491.60109490
-713.36503817,491.39111597
-713.36874405,491.18102687
-713.37236446,490.97093695
-713.37555750,490.76084296
-713.37806254,490.55118645
-713.38031012,490.34163849
-713.38229810,490.13242106
-713.38419956,489.92331382
-713.38644186,489.71432081
-713.38920965,489.50400078
-713.39232038,489.29357302
-713.39543112,489.08314526
-713.39805644,488.86982686
-713.40051081,488.65650684
-713.40262751,488.44273961
-713.40482652,488.22930616
-713.40811769,488.01788111
-713.41149328,487.80656785
-713.41469582,487.59547496
-713.41789835,487.38438206
-713.42118425,487.17351196
-713.42438468,486.96264105
-713.42741205,486.75199049
-713.43079291,486.54012228
-713.43391420,486.32858461
-713.43695000,486.11704613
-713.43981170,485.90583899
-713.44267340,485.69463186
-713.44553510,485.48342473
-713.44839469,485.27243957
-713.45108544,485.06123081
-713.45300905,484.84979276
-713.45493160,484.63846570
-713.45719499,484.42725288
-713.45962827,484.21615268
-713.46197502,484.00516265
-713.46431755,483.79461659
-713.46657567,483.58395872
-713.46882850,483.37385581
-713.47099587,483.16375209
-713.47307671,482.95375854
-713.47524514,482.74354383
-713.47741145,482.53355109
-713.47932134,482.32355592
-713.48123124,482.11356075
-713.48322450,481.90378838
-713.48513123,481.69412618
-713.48729965,481.48391146
-713.48938260,481.27369594
-713.49146555,481.06348041
-713.49354639,480.85348686
-713.49537187,480.64337989
-713.49702534,480.43338229
-713.49876534,480.22327450
-713.50058871,480.01338951
-713.50241208,479.80350452
-713.50467863,479.59195873
-713.50694412,479.38052393
-713.50939216,479.16786986
-713.51158273,478.95532434
-713.51351477,478.74299837
-713.51536134,478.53067158
-713.51729444,478.31823462
-713.51905658,478.10579603
-713.52099073,477.89324808
-713.52300930,477.68081193
-713.52399270,477.46936495
-713.52480516,477.25791634
-713.52553214,477.04646692
-713.52626123,476.83479552
-713.52690590,476.62301232
-713.52755162,476.41111813
-713.52802851,476.19900033
-713.52842099,475.98677073
-713.52889998,475.77443095
-713.52929245,475.56220135
-713.52977145,475.34986157
-713.53033592,475.13752261
-713.53090145,474.92507265
-713.53163792,474.71262432
-713.53220555,474.49995238
-713.53286077,474.28705927
-713.53351704,474.07405517
-713.53417542,473.86082909
-713.53466285,473.64760139
-713.53506586,473.43426188
-713.53547099,473.22070040
-713.53570411,473.00724828
-713.53585282,472.79368435
-713.53608805,472.58001025
-713.53623992,472.36611335
-713.53647831,472.15210628
-713.53688976,471.93787885
-713.53747216,471.72365304
-713.53814108,471.50931706
-713.53855359,471.29497863
-713.53896504,471.08075120
-713.53920765,470.86630016
-713.53884984,470.65206543
-713.53849520,470.43749771
-713.53822603,470.22293081
-713.53804655,470.00792076
-713.53786707,469.79291071
-713.53760422,469.57767787
-713.53725591,469.36244421
-713.53699412,469.14710038
-713.53681674,468.93186835
-713.53655496,468.71652451
-713.53638075,468.50095951
-713.53629307,468.28528433
-713.53620644,468.06949815
-713.53612192,467.85349000
-713.53561215,467.63725581
-713.53510343,467.42091062
-713.53502313,467.20445850
-713.53494389,466.98789540
-713.53469580,466.77110868
-713.53453425,466.55421179
-713.53437269,466.33731490
-713.53421536,466.11997405
-713.53405802,465.90263320
-713.53407163,465.68529397
-713.53408735,465.46773276
-713.53384665,465.25016911
-713.53369142,465.03260628
-713.53353619,464.81504344
-713.53346854,464.59725944
-713.53322995,464.37947381
-713.53264841,464.16179592
-713.53155614,463.94389119
-713.53055040,463.72587627
-713.52963118,463.50775117
-713.52879850,463.28951589
-713.52815574,463.06928441
-713.52768287,462.84916555
-713.52729548,462.62904749
-713.52690070,462.40970637
-713.52650487,462.19047624
-713.52610798,461.97135710
-713.52562563,461.75223715
-713.52505885,461.53300539
-713.52440343,461.31410580
-713.52391580,461.09554080
-713.52412249,460.87587240
-713.52424056,460.65653615
-713.52435651,460.43742188
-713.52565748,460.21953989
-713.52704393,460.00165870
-713.52851585,459.78377833
-713.52990124,459.56600813
-713.53111569,459.34823631
-713.53250108,459.13046612
-713.53363533,458.91213853
-713.53485821,458.69347879
-713.53625099,458.47493166
-713.53891109,458.25795058
-713.54131267,458.04118905
-713.54328794,457.82431247
-713.54517668,457.60754606
-713.54714878,457.39100245
-713.54946594,457.17412911
-713.55169552,456.95747695
-713.55383963,456.74082397
-713.55598162,456.52439297
-713.55803920,456.30785017
-713.56017908,456.09164116
-713.56214697,455.87554151
-713.56403148,455.65921907
-713.56591390,455.44311861
-713.56779842,455.22679617
-713.56976841,455.01047454
-713.57157062,454.79381831
-713.57336967,454.57749506
-713.57525313,454.36128361
-713.57705112,454.14507134
-713.57867711,453.92896845
-713.58021658,453.71297573
-713.58175814,453.49676103
-713.58380306,453.28155012
-713.58593029,453.06667299
-713.58806069,452.85146290
-713.59027444,452.63647559
-713.59265493,452.42193387
-713.59639138,452.20862605
-713.59987353,451.99509381
-713.60301378,451.78155832
-713.60598519,451.56779922
-713.60895766,451.35392913
-713.61184782,451.13972526
-713.61482451,450.92541121
-713.61780225,450.71098617
-713.62137831,450.49656681
-713.62537962,450.28237350
-713.62810094,450.06794602
-713.63090668,449.85363035
-713.63345811,449.63909026
-713.63668489,449.42544459
-713.63914030,449.21201359
-713.64058058,448.99746294
-713.64313834,448.78225690
-713.64612346,448.56705493
-713.64935973,448.35241034
-713.65268043,448.13787756
-713.65625332,447.92379118
-713.66008263,447.70970723
-713.66365552,447.49562085
-713.66696883,447.28186500
-713.67002993,447.06766276
-713.67291587,446.85390285
-713.67622602,446.64047997
-713.67927868,446.42716565
-713.68224482,446.21396151
-713.68486274,446.00142006
-713.68765161,445.78888024
-713.68950871,445.57544356
-713.69187970,445.36190076
-713.69365027,445.14857426
-713.69541978,444.93535875
-713.69710171,444.72236441
-713.69988847,444.51004656
-713.70275964,444.29784053
-713.70554429,444.08574467
-713.70824136,443.87386998
-713.71076747,443.66199367
-713.71303928,443.44989293
-713.71505467,443.23778977
-713.71588081,443.02489829
-713.71704568,442.81234304
-713.71846486,442.60001221
-713.72090024,442.38869003
-713.72342002,442.17747966
-713.72517583,441.96570703
-713.72710257,441.75393602
-713.72877501,441.54194060
-713.73070493,441.32983662
-713.73280473,441.11784525
-713.73507443,440.90596650
-713.73708770,440.69408532
-713.73884351,440.48231269
-713.74042731,440.27064942
-713.74175363,440.05909471
-713.74282248,439.84764855
-713.74372039,439.63620077
-713.74514484,439.42331499
-713.74639835,439.21042758
-713.74773416,438.99787395
-713.74898450,438.78531951
-713.75032032,438.57276588
-713.75303531,438.35900436
-713.75617662,438.14535788
-713.75931792,437.93171140
-713.76220070,437.71828447
-713.76482494,437.50507708
-713.76609427,437.29052481
-713.76710506,437.07619208
-713.76777185,436.86207809
-713.76826665,436.64807346
-713.76858944,436.43417821
-713.76882781,436.22017114
-713.76923712,436.00616570
-713.76973086,435.79227207
-713.77022565,435.57826744
-713.77088927,435.36448642
-713.77069711,435.15080827
-713.77050390,434.93724111
-713.76978307,434.72522295
-713.76931762,434.51331821
-713.76893552,434.30163627
-713.76889427,434.09006856
-713.76910838,433.87861429
-713.76949450,433.66705065
-713.77022039,433.45571223
-713.77085976,433.24448400
-713.77218503,433.03304028
-713.77316840,432.82159331
-713.77372019,432.61058625
-713.77418439,432.39980035
-713.77456417,432.18890265
-713.77494185,431.97822694
-713.77532058,431.76744023
-713.77509889,431.55686982
-713.77496372,431.34618923
-713.77405613,431.13583430
-713.77323401,430.92548019
-713.77249631,430.71523788
-713.77226196,430.50599935
-713.77194002,430.29698200
-713.77170356,430.08796546
-713.77155152,429.87906072
-713.77139842,429.67026697
-713.77132975,429.46158503
-713.77117559,429.25290227
-713.77102144,429.04421951
-713.77086623,428.83564775
-713.77062555,428.62707517
-713.77037749,428.41927953
-713.77013048,428.21137289
-713.77005337,428.00357887
-713.76929457,427.79555638
-713.76878270,427.58853523
-713.76809989,427.38151246
-713.76733055,427.17459987
-713.76527488,426.96811906
-713.76339017,426.76163987
-713.76167745,426.55505132
-713.76003544,426.35001745
-713.75856544,426.14487422
-713.75726638,425.93973260
-713.75605385,425.73448081
-713.75458489,425.52922659
-713.75294288,425.32419271
-713.75130193,425.11904785
-713.74958710,424.91268128
-713.74795880,424.70620453
-713.74616272,424.49939319
-713.74462411,424.29247329
-713.74317203,424.08544321
-713.74188984,423.87852575
-713.74077860,423.67160991
-713.73976022,423.46391795
-713.73865530,423.25633617
-713.73737628,423.04908573
-713.73592525,422.84194467
-713.73456286,422.63447144
-713.73328594,422.42699902
-713.73201008,422.21941562
-713.73124917,422.01161510
-713.73048931,421.80370360
-713.72989829,421.59601570
-713.72973359,421.38844285
-713.72965435,421.18087082
-713.72966270,420.97307761
-713.72975442,420.76550720
-713.72984508,420.55804778
-713.72993574,420.35058836
-713.73002429,420.14335092
-713.73011073,419.93633546
-713.73028159,419.72943181
-713.73036592,419.52263833
-713.73036266,419.31606603
-713.73027077,419.10982588
-713.73026857,418.90314258
-713.73035185,418.69646010
-713.73060713,418.48966825
-713.73086135,418.28298739
-713.73111452,418.07641752
-713.73145527,417.86962648
-713.73205244,417.66283788
-713.73264961,417.45604927
-713.73470510,417.24871952
-713.73667407,417.04149995
-713.73889946,416.83428282
-713.74112590,416.62695469
-713.74326793,416.41951477
-713.74523478,416.21251718
-713.74720164,416.00551959
-713.74916534,415.79885497
-713.75121240,415.59241315
-713.75317082,415.38630349
-713.75521682,415.17997266
-713.75726072,414.97386380
-713.75930566,414.76764396
-713.76126514,414.56142331
-713.76322778,414.35486968
-713.76536136,414.14831768
-713.76757937,413.94187749
-713.76875903,413.73675943
-713.76985217,413.53175155
-713.77102973,413.32685548
-713.77220623,413.12207039
-713.77346820,412.91728612
-713.77455712,412.71272221
-713.77572940,412.50838108
-713.77690274,412.30392897
-713.77833039,412.09970128
-713.77958392,411.89580493
-713.78039322,411.69368037
-713.78145577,411.49189123
-713.78285705,411.29043830
-713.78451370,411.08909880
-713.78625372,410.88798210
-713.78808342,410.68642224
-713.78991102,410.48508436
-713.79139145,410.28429819
-713.79270198,410.08339941
-713.79383735,409.88294296
-713.79601212,409.68105338
-713.79827130,409.47927560
-713.80044501,409.27749702
-713.80261556,409.07605140
-713.80487052,408.87471758
-713.80737980,408.67360819
-713.81014444,408.47261222
-713.81290592,408.27194922
-713.81566424,408.07161920
-713.81867581,407.87162458
-713.82221288,407.67030295
-713.82566237,407.46920249
-713.82910975,407.26832401
-713.83343577,407.00196347
-713.83638050,406.73703282
-713.83889575,406.47232009
-713.84091926,406.20538267
-713.84369304,405.94045040
-713.84602047,405.67751190
-713.84791421,405.41523527
-713.85074604,405.15318957
-713.85314735,404.89147277
-713.85477306,404.63041462
-713.85699604,404.36947313
-713.85913353,404.10853084
-713.86067061,403.84780484
-713.86280178,403.58752849
-713.86518516,403.32769854
-713.86713483,403.06853047
-713.86984956,402.80981367
-713.87247670,402.55131804
-713.87593116,402.29571630
-713.87931491,402.03855987
-713.88277991,401.78184821
-713.88631563,401.52669124
-713.88943346,401.27053129
-713.89254814,401.01470431
-713.89608490,400.75943634
-713.90038567,400.50473064
-713.90459884,400.25024611
-713.91041915,399.99755286
-713.91479695,399.74373590
-713.91916947,399.49047389
-713.92489165,399.23911172
-713.92942035,398.98740520
-713.93454844,398.73559338
-713.94094280,398.48545860
-713.94537760,398.23463920
-713.94887113,397.98392185
-713.95256619,397.72998740
-713.95514060,397.47704131
-713.95771184,397.22442819
-713.96157258,396.97105032
-713.96499540,396.71877829
-713.96832747,396.46706040
-713.97217450,396.21512541
-713.97652593,395.96408322
-713.98061461,395.71370453
-713.98391399,395.46542735
-713.98619085,395.21680746
-713.98837907,394.96851973
-713.98973891,394.71744911
-713.99167598,394.46860399
-713.99454694,394.22043375
-713.99784737,393.97204558
-714.00175034,393.72321914
-714.00607646,393.47484072
-714.01144409,393.22480719
-714.01559505,392.97687111
-714.01965736,392.72926719
-714.02501339,392.48045455
-714.02923927,392.23362919
-714.03320557,391.98713437
-714.04111949,391.73901204
-714.04620222,391.49197282
-714.05049670,391.24692412
-714.05607540,391.00166563
-714.06096187,390.75728856
-714.06559087,390.51302004
-714.07072955,390.26908938
-714.07457873,390.02592346
-714.07834245,389.78275673
-714.08416386,389.53894355
-714.08946505,389.29590243
-714.09476518,389.05297230
-714.10229607,388.80917536
-714.10751495,388.56580046
-714.11264414,388.32286871
-714.11924220,388.07828590
-714.12470801,387.83591235
-714.13016960,387.59398276
-714.13666954,387.35073103
-714.14178501,387.10924216
-714.14698069,386.86830905
-714.15312818,386.62616398
-714.15780468,386.38589195
-714.16248225,386.14550892
-714.16776762,385.90413266
-714.17209801,385.66430134
-714.17565808,385.42457370
-714.18033458,385.18430166
-714.18525169,384.94569692
-714.19050753,384.70742840
-714.19457729,384.46803860
-714.19888869,384.23020511
-714.20302599,383.99270297
-714.20527126,383.75640386
-714.20845779,383.52000269
-714.21146916,383.28404386
-714.21327863,383.04862861
-714.21602513,382.81355527
-714.21868406,382.57870310
-714.21928739,382.34427540
-714.22159704,382.11019691
-714.22441848,381.87623429
-714.22680517,381.64304454
-714.23090028,381.40998202
-714.23490781,381.17714068
-714.23769233,380.94706273
-714.24108256,380.71621353
-714.24429868,380.48569568
-714.24603748,380.25771680
-714.24907526,380.02797426
-714.25349223,379.79702382
-714.25517825,379.56560342
-714.25712280,379.33396349
-714.25941136,379.10210481
-714.26007907,378.86989774
-714.26287836,378.63826592
-714.26567976,378.40641212
-714.26720643,378.17376921
-714.27001204,377.94147144
-714.27299072,377.70895332
-714.27572035,377.47565584
-714.27920871,377.24347556
-714.28278149,377.01140709
-714.28362436,376.77875768
-714.28642365,376.54712586
-714.28922294,376.31549404
-714.29201802,376.08430619
-714.29617434,375.85379727
-714.30050162,375.62328998
-714.30456931,375.39311323
-714.30881323,375.16238314
-714.31280177,374.93153963
-714.31739075,374.70047982
-714.32207152,374.46875488
-714.32666788,374.23691814
-714.33143834,374.00475005
-714.33552291,373.77279744
-714.33952094,373.54095502
-714.34403710,373.30856251
-714.34854904,373.07661397
-714.35244578,372.84643559
-714.35590144,372.61769602
-714.36022556,372.38752171
-714.36420461,372.15767711
-714.36731943,371.92882331
-714.37087639,371.69841970
-714.37443545,371.46779411
-714.37755977,371.23794140
-714.38103758,371.00687103
-714.38383476,370.77546120
-714.38585634,370.54471000
-714.38890889,370.31341359
-714.39213027,370.08234079
-714.39647653,369.84983567
-714.40090933,369.61722037
-714.40491580,369.38449002
-714.40866585,369.15175723
-714.41232937,368.91913462
-714.41581984,368.68673237
-714.41931136,368.45421913
-714.42288940,368.22159571
-714.42569502,367.98929795
-714.42774719,367.75532802
-714.43014125,367.52136135
-714.43261868,367.28761746
-714.43244430,367.05407038
-714.43422844,366.82131891
-714.43575828,366.58834303
-714.43345337,366.35410970
-714.43396172,366.12068011
-714.43455661,365.88714034
-714.43276560,365.65280089
-714.43310406,365.41925868
-714.43335705,365.18571567
-714.43131173,364.95115180
-714.43095796,364.71849102
-714.43068861,364.48594205
-714.42838897,364.25115377
-714.42899651,364.01628211
-714.42951752,363.78152063
-714.42774654,363.54507236
-714.42792355,363.31052962
-714.42835697,363.07598931
-714.42718220,362.83976871
-714.42795647,362.60534264
-714.42794144,362.37301808
-714.42476385,362.14066347
-714.42544948,361.90656956
-714.42613511,361.67247565
-714.42511969,361.43747757
-714.42563753,361.20304907
-714.42572590,360.96883848
-714.42498694,360.73173402
-714.42577386,360.49597606
-714.42681720,360.26022054
-714.42718097,360.02401456
-714.42889651,359.78948643
-714.43069541,359.55518110
-714.42873977,359.32017409
-714.42890939,359.08640828
-714.42890700,358.85275183
-714.42686378,358.61796599
-714.42652371,358.38386234
-714.42618470,358.14964769
-714.42414253,357.91475086
-714.42397025,357.68098180
-714.42268996,357.44686921
-714.42023413,357.21052544
-714.42041218,356.97587171
-714.42059129,356.74110698
-714.41836762,356.50731843
-714.41767617,356.27421044
-714.41706807,356.04132525
-714.41295343,355.80862874
-714.41140195,355.57606759
-714.41002353,355.34328607
-714.40625500,355.11014885
-714.40521321,354.87792554
-714.40434553,354.64537088
-714.40228858,354.41202792
-714.40331400,354.17815924
-714.40433730,353.94451255
-714.40357091,353.71029384
-714.40271061,353.47696225
-714.40194211,353.24296553
-714.40041805,353.00751862
-714.39852784,352.77462124
-714.39723173,352.54217352
-714.39671333,352.30884517
-714.39813869,352.07786631
-714.40067100,351.84734198
-714.40405910,351.61671477
-714.40838321,351.38654046
-714.41176710,351.15635721
-714.41259730,350.92503970
-714.41178873,350.69526062
-714.40977402,350.46646909
-714.40690562,350.23755844
-714.40402773,350.00964672
-714.40055362,349.78150732
-714.39905071,349.55283165
-714.40079265,349.32451982
-714.40244596,349.09654015
-714.40373944,348.87044407
-714.40486197,348.64434636
-714.40555502,348.41846658
-714.40556111,348.19291326
-714.40582046,347.96769536
-714.40582866,347.74192007
-714.40462545,347.51768728
-714.40215068,347.29233240
-714.40001463,347.06731374
-714.39821099,346.84329724
-714.39693286,346.61795373
-714.39505429,346.39282652
-714.39281168,346.17002686
-714.39032635,345.94578188
-714.38792334,345.72187069
-714.38516682,345.49917715
-714.38413140,345.27527896
-714.38343892,345.05127302
-714.38162895,344.82792247
-714.38076659,344.60380392
-714.37964569,344.37990491
-714.37740518,344.15688327
-714.37439435,343.93396531
-714.37112709,343.71104492
-714.36605327,343.48932837
-714.36270054,343.26640716
-714.35960318,343.04359938
-714.35391628,342.82343101
-714.35047174,342.60117494
-714.34711163,342.37903066
-714.34032831,342.15729787
-714.33603431,341.93447872
-714.33292745,341.71266986
-714.32886561,341.49240593
-714.32679921,341.26905294
-714.32455659,341.04625328
-714.32223060,340.82323083
-714.32024335,340.60054460
-714.31851253,340.37786081
-714.31678064,340.15528801
-714.31453380,339.93293231
-714.31202843,339.71079616
-714.30848259,339.49020414
-714.30503278,339.26850302
-714.30149644,339.04691208
-714.29917361,338.82355665
-714.29615645,338.60130464
-714.29338937,338.37972101
-714.29071305,338.15758324
-714.28709439,337.93565851
-714.28330479,337.71373216
-714.27942971,337.49180500
-714.27596935,337.27121379
-714.27225150,337.05073113
-714.26844291,336.83080261
-714.26300820,336.61108064
-714.25749539,336.39058093
-714.25276556,336.16864564
-714.24751234,335.94781540
-714.24234249,335.72720794
-714.23752085,335.50593779
-714.23183182,335.28599141
-714.22554025,335.06648330
-714.21976258,334.84686908
-714.21346784,334.62769394
-714.20717099,334.40874079
-714.20121920,334.18945791
-714.19423961,333.97038727
-714.18717560,333.75120483
-714.18088508,333.53158573
-714.17390337,333.31273707
-714.16683303,333.09422057
-714.16042856,332.87759741
-714.15291924,332.66029775
-714.14489602,332.44310420
-714.13774126,332.22447590
-714.12904268,332.00638793
-714.11974577,331.78829428
-714.11105246,331.56965136
-714.10158039,331.35200005
-714.09184978,331.13456828
-714.08229329,330.91680516
-714.07161613,330.70003040
-714.06102656,330.48303448
-714.05086963,330.26548766
-714.03984952,330.04882064
-714.02840098,329.83226055
-714.01764467,329.61481904
-714.00542475,329.39847363
-713.99276585,329.18334505
-713.98044569,328.96855269
-713.96701541,328.75363879
-713.95315986,328.53849884
-713.93896874,328.32268970
-713.92417719,328.10709686
-713.90929911,327.89161419
-713.89528211,327.67547371
-713.88099918,327.46032970
-713.86645667,327.24551623
-713.85192365,327.02970384
-713.83652639,326.81488225
-713.82096134,326.59972606
-713.80592285,326.38313187
-713.78967400,326.16796918
-713.77308114,325.95302523
-713.75470386,325.73695431
-713.73630971,325.52265925
-713.71774355,325.30847355
-713.69918688,325.09328894
-713.68113251,324.87921911
-713.66308025,324.66492729
-713.64469663,324.44952232
-713.62629931,324.23556023
-713.60764239,324.02192867
-713.58847157,323.80840324
-713.56920262,323.59620887
-713.54993262,323.38412550
-713.53040302,323.17237267
-713.51070142,322.96072920
-713.49082465,322.74952807
-713.47009735,322.53787486
-713.45005280,322.32633913
-713.42966212,322.11524412
-713.40876176,321.90381126
-713.38854625,321.69227391
-713.36832968,321.48084755
-713.34767625,321.27041605
-713.32718744,321.06065211
-713.30678621,320.85066700
-713.28611695,320.64190036
-713.26579487,320.43258201
-713.24538941,320.22304087
-713.22463679,320.01405143
-713.20414691,319.80439849
-713.18365387,319.59507852
-713.16246544,319.38697295
-713.14171070,319.17820549
-713.12104565,318.96899488
-713.09969047,318.76044373
-713.07876689,318.55145267
-713.05775994,318.34223881
-713.03615255,318.13324125
-713.01463697,317.92357857
-712.99295044,317.71391425
-712.96962090,317.50623234
-712.94741518,317.29722910
-712.92547222,317.08756235
-712.90275893,316.87799928
-712.88116735,316.66733687
-712.85983642,316.45623293
-712.83790821,316.24501231
-712.81624381,316.03301719
-712.79399163,315.81990649
-712.77054597,315.60645144
-712.74795400,315.39311550
-712.72527760,315.17966777
-712.70089699,314.96564883
-712.67780376,314.75108713
-712.65462611,314.53641362
-712.62991308,314.32139252
-712.60631649,314.10582703
-712.58280749,313.89004036
-712.55834982,313.67513269
-712.53544336,313.45890775
-712.51245247,313.24257101
-712.48875985,313.02811461
-712.46559696,312.81188724
-712.44209322,312.59554562
-712.41713008,312.37985615
-712.39406741,312.16207571
-712.37092350,311.94385051
-712.34726883,311.72539844
-712.32387271,311.50672684
-712.30039532,311.28761046
-712.27657181,311.06893480
-712.25361571,310.84893536
-712.23066488,310.62838098
-712.20676749,310.40848360
-712.18330802,310.18748038
-712.15976835,309.96592140
-712.13571583,309.74435754
-712.11192922,309.52179720
-712.08814789,309.29868191
-712.06385159,309.07578373
-712.03998583,308.85255664
-712.01620766,308.62910838
-711.99200316,308.40554506
-711.96849300,308.18087834
-711.94490159,307.95576684
-711.92089229,307.72965237
-711.89731458,307.50309800
-711.87356803,307.27632002
-711.84982886,307.04876510
-711.82574568,306.82142892
-711.80158019,306.59375896
-711.77691133,306.36508520
-711.75275427,306.13652731
-711.72877027,305.90774907
-711.70402964,305.67763162
-711.67988418,305.44785284
-711.65573766,305.21818504
-711.63142229,304.98829364
-711.60778440,304.75907468
-711.58431956,304.52963536
-711.56086000,304.29964109
-711.53756716,304.07009241
-711.51410338,303.84054210
-711.49056255,303.61010306
-711.46710614,303.37977582
-711.44364868,303.14955957
-711.42011523,302.91834359
-711.39665987,302.68790536
-711.37354746,302.45735938
-711.35062077,302.22526116
-711.32811723,301.99361097
-711.30561052,301.76229374
-711.28337712,301.52920311
-711.26130306,301.29733500
-711.23862962,301.06557219
-711.21682990,300.83181967
-711.19475795,300.59972957
-711.17277147,300.36764029
-711.15053278,300.13510460
-711.12854840,299.90279334
-711.10683099,299.66937461
-711.08538899,299.43396048
-711.06350485,299.20009616
-711.04187502,298.96645625
-711.01965530,298.73192274
-710.99827240,298.49928419
-710.97731477,298.26687168
-710.95654390,298.03279594
-710.93636925,297.79894786
-710.91586008,297.56431960
-710.89433153,297.32901565
-710.87329896,297.09549242
-710.85218513,296.86152442
-710.83167912,296.62656319
-710.81184530,296.39282935
-710.79209802,296.15898534
-710.77270528,295.92381268
-710.75416519,295.68887013
-710.73648406,295.45349173
-710.71982547,295.21845606
-710.70272368,294.98508118
-710.68536863,294.75137089
-710.66801885,294.51710565
-710.65040527,294.28361491
-710.63279484,294.04979120
-710.61561601,293.81552759
-710.59886983,293.58071308
-710.58246870,293.34556885
-710.56674505,293.11109706
-710.55110899,292.87640410
-710.53556050,292.64148998
-710.52025789,292.40768819
-710.50547235,292.17344732
-710.49111313,291.93932150
-710.47742928,291.70609009
-710.46392375,291.47208338
-710.45033591,291.23774289
-710.43699395,291.00451474
-710.42348948,290.77039703
-710.41032796,290.53617159
-710.39784496,290.30250760
-710.38606370,290.06696326
-710.37445444,289.83130955
-710.36361866,289.59521920
-710.35235763,289.35890280
-710.34143954,289.12247866
-710.33025238,288.88738397
-710.31984714,288.65096470
-710.30987034,288.41443850
-710.30014363,288.17858068
-710.29050767,287.94216872
-710.28129592,287.70609380
-710.27172645,287.47168048
-710.26250837,287.23627150
-710.25363219,287.00086577
-710.24492168,286.76601661
-710.23699733,286.52939891
-710.22898539,286.29300238
-710.22079617,286.05727017
-710.21279056,285.82020770
-710.20495905,285.58281388
-710.19686585,285.34597258
-710.18886762,285.10813317
-710.18155740,284.86985630
-710.17474633,284.63302718
-710.16819379,284.39597852
-710.16215620,284.15871274
-710.15679293,283.92245238
-710.15169874,283.68486256
-710.14643359,283.44727113
-710.14090042,283.21089815
-710.13546327,282.97341608
-710.12985728,282.73571040
-710.12373000,282.49888778
-710.11795517,282.26095850
-710.11227003,282.02258607
-710.10744069,281.78411077
-710.10253221,281.54496871
-710.09762267,281.30593764
-710.09287880,281.06746315
-710.08806001,280.82787795
-710.08332458,280.58851553
-710.07815545,280.34981500
-710.07351077,280.10989845
-710.06878061,279.86998108
-710.06405468,279.62961975
-710.05993023,279.38893114
-710.05589547,279.14779937
-710.05040447,278.90698677
-710.04585580,278.66596112
-710.04121956,278.42515664
-710.03590267,278.18401269
-710.03153445,277.94198976
-710.02785213,277.69975133
-710.02416665,277.45784588
-710.02091488,277.21527854
-710.01766416,276.97260022
-710.01424354,276.72980928
-710.01142125,276.48702402
-710.00868338,276.24435057
-710.00594656,276.00156612
-710.00346617,275.75878412
-710.00115567,275.51611472
-709.99963238,275.27156580
-709.99758991,275.02767795
-709.99546196,274.78378928
-709.99368329,274.53912693
-709.99146987,274.29523745
-709.98891876,274.05090077
-709.98620303,273.80589651
-709.98322244,273.56177774
-709.98049933,273.31755042
-709.97804846,273.07166068
-709.97670349,272.82633644
-709.97544400,272.58101302
-709.97342262,272.33490536
-709.97165133,272.08946607
-709.96971225,271.84369219
-709.96727193,271.59669254
-709.96464694,271.35113415
-709.96168322,271.10523953
-709.95735399,270.85910994
-709.95455806,270.61354992
-709.95218422,270.36854891
-709.95065986,270.12411099
-709.95016965,269.87879487
-709.95028092,269.63315147
-709.95030145,269.38806222
-709.94981440,269.14241313
-709.94889786,268.89698197
-709.94712235,268.65198665
-709.94492789,268.40609934
-709.94281470,268.16065681
-709.94018022,267.91609733
-709.93773039,267.67009660
-709.93536921,267.42376371
-709.93359580,267.17854641
-709.93208726,266.93244362
-709.93076021,266.68523255
-709.92942684,266.43868742
-709.92826758,266.19181094
-709.92719696,265.94460231
-709.92594906,265.69805799
-709.92496075,265.45118314
-709.92380043,265.20441765
-709.92288705,264.95865352
-709.92155895,264.71155344
-709.92014747,264.46423057
-709.91786543,264.21856443
-709.91594111,263.97123669
-709.91427215,263.72402237
-709.91249980,263.47869407
-709.91116748,263.23203796
-709.90939723,262.98648768
-709.90691998,262.74337271
-709.90454613,262.49837171
-709.90217229,262.25337071
-709.89977313,262.01103348
-709.89798917,261.76692609
-709.89611868,261.52292887
-709.89388099,261.28159218
-709.89200733,261.03792794
-709.89013263,260.79437469
-709.88797935,260.55314981
-709.88627454,260.30970917
-709.88473962,260.06638115
-709.88275730,259.82515789
-709.88113585,259.58194005
-709.87968325,259.33894581
-709.87906747,259.09784653
-709.87804013,258.85507834
-709.87684395,258.61208654
-709.87589155,258.37042906
-709.87417935,258.12776536
-709.87263705,257.88521427
-709.87143138,257.64322139
-709.87006109,257.40056094
-709.86886069,257.15801310
-709.86740808,256.91501886
-709.86629843,256.67191688
-709.86518772,256.42892590
-709.86441364,256.18649311
-709.86363535,255.94450429
-709.86294147,255.70262727
-709.86249875,255.46130764
-709.86188824,255.21965341
-709.86110678,254.97799756
-709.86057753,254.73678811
-709.85970954,254.49524243
-709.85875396,254.25391793
-709.85812974,254.01370658
-709.85725121,253.77327082
-709.85645498,253.53316883
-709.85760149,253.29552732
-709.85816233,253.05654824
-709.85872317,252.81756916
-709.86201184,252.57939300
-709.86343165,252.33997808
-709.86493588,252.10067496
-709.86805149,251.86271915
-709.86954834,251.62419297
-709.87121719,251.38555742
-709.87476862,251.14671775
-709.87704634,250.90697798
-709.87932407,250.66723820
-709.88305699,250.42729025
-709.88533155,250.18788345
-709.88777180,249.94903323
-709.89148995,249.71063915
-709.89401145,249.47223370
-709.89644853,249.23371645
-709.89983111,248.99465317
-709.90235577,248.75591475
-709.90504928,248.51739994
-709.90868407,248.27878307
-709.91171842,248.04038249
-709.91483825,247.80198273
-709.91881389,247.56348009
-709.92192950,247.32552429
-709.92520868,247.08834705
-709.92874217,246.85139422
-709.93227989,246.61399744
-709.93651722,246.37494229
-709.94170639,246.13467517
-709.94594900,245.89506507
-709.95045120,245.65512443
-709.95556438,245.41385759
-709.95911897,245.17468495
-709.96241819,244.93539889
-709.96572056,244.69577985
-709.96851536,244.45560099
-709.97131121,244.21531114
-709.97434978,243.97646660
-709.97748015,243.73695693
-709.98069600,243.49744808
-709.98468113,243.25794653
-709.98893112,243.01755949
-709.99326870,242.77695129
-709.99994153,242.53347925
-710.00515390,242.29077034
-710.00985447,242.04794557
-710.01602710,241.80313678
-710.02030346,241.55997498
-710.02371873,241.31747100
-710.02755189,241.07597000
-710.03147685,240.83380386
-710.03540181,240.59163773
-710.04061207,240.34915080
-710.04471325,240.10643134
-710.04890097,239.86360170
-710.05419986,239.62078261
-710.05839074,239.37762000
-710.06232519,239.13445495
-710.06686008,238.89107360
-710.07028485,238.64757071
-710.07354077,238.40384421
-710.07687267,238.16111744
-710.07935087,237.91827156
-710.08174676,237.67509189
-710.08430938,237.43235781
-710.08619663,237.18872931
-710.08791610,236.94476622
-710.08894122,236.70190653
-710.08979538,236.45904522
-710.09081944,236.21629652
-710.09106367,235.97465042
-710.09226817,235.73090443
-710.09347373,235.48704745
-710.09372851,235.24429145
-710.09459110,235.00054221
-710.09545370,234.75679298
-710.09561246,234.51514607
-710.09655947,234.27150863
-710.09742313,234.02764841
-710.09853160,233.78501151
-710.10060141,233.54016374
-710.10267121,233.29531597
-710.10490247,233.05146873
-710.10646996,232.80550618
-710.10777892,232.55976318
-710.10874175,232.31446089
-710.11005387,232.06838491
-710.11093439,231.82274883
-710.11173788,231.57622402
-710.11254452,231.32936623
-710.11326569,231.08250764
-710.11372622,230.83609057
-710.11479139,230.58901324
-710.11585447,230.34215789
-710.11683417,230.09507975
-710.11807874,229.84711612
-710.11932225,229.59926348
-710.12056682,229.35129985
-710.12189792,229.10322604
-710.12218643,228.85691834
-710.12065676,228.61303538
-710.12000082,228.36716270
-710.11926468,228.12073427
-710.11748596,227.87607193
-710.11718142,227.62920359
-710.11687899,227.38211327
-710.11536513,227.13656545
-710.11506269,226.88947513
-710.11493015,226.64249742
-710.11384578,226.39673168
-710.11380505,226.14908884
-710.11368200,225.90111222
-710.11224096,225.65689710
-710.11185199,225.40991696
-710.11137860,225.16282501
-710.10978454,224.91672142
-710.10923833,224.66829678
-710.10877970,224.41965097
-710.10728482,224.17210532
-710.10657082,223.92334608
-710.10568798,223.67436323
-710.10377204,223.42614757
-710.10280688,223.17683094
-710.10184173,222.92751432
-710.10043232,222.67996947
-710.09962651,222.43187537
-710.09916261,222.18378451
-710.09799698,221.93757399
-710.09806280,221.68771216
-710.09795767,221.43784870
-710.09699357,221.18842108
-710.09638191,220.93788680
-710.09577237,220.68713054
-710.09540765,220.43759762
-710.09496694,220.18706496
-710.09461277,219.93642213
-710.09451396,219.68589273
-710.09442043,219.43480837
-710.09440922,219.18405780
-710.09439378,218.93375119
-710.09413562,218.68199926
-710.09396400,218.43013716
-710.09353278,218.17860559
-710.09420853,217.92752855
-710.09488533,217.67634051
-710.09589877,217.42571067
-710.09640990,217.17396606
-710.09666354,216.92233000
-710.09708392,216.67113952
-710.09733650,216.41961445
-710.09758909,216.16808938
-710.09851916,215.91723675
-710.09886144,215.66526853
-710.09910665,215.41452040
-710.09967794,215.16544037
-710.10009937,214.91413891
-710.10052291,214.66261546
-710.10092746,214.41308985
-710.10092468,214.16145135
-710.10109073,213.91003646
-710.10160291,213.65818086
-710.10161804,213.40465552
-710.10145801,213.15157252
-710.10172325,212.89871557
-710.10182176,212.64541302
-710.10192026,212.39211048
-710.10321754,212.13859733
-710.10366322,211.88474308
-710.10436111,211.63133523
-710.10642028,211.37860632
-710.10737671,211.12497893
-710.10816218,210.87134991
-710.10970745,210.61872712
-710.11040534,210.36531927
-710.11118870,210.11191223
-710.11256091,209.85950980
-710.11334638,209.60588078
-710.11379100,209.35213753
-710.11466933,209.09773239
-710.11503481,208.84332238
-710.11496763,208.58946326
-710.11515477,208.33582856
-710.11552024,208.08141854
-710.11605772,207.82689917
-710.11650761,207.57260096
-710.11739965,207.31675294
-710.11820832,207.06068214
-710.11986964,206.80484143
-710.12161011,206.54966747
-710.12352047,206.29460614
-710.12602179,206.04032742
-710.12826984,205.78571330
-710.13068674,205.53132278
-710.13250319,205.27714855
-710.13458134,205.02242181
-710.13691276,204.76803048
-710.13906796,204.51419248
-710.14147853,204.26046790
-710.14345749,204.00718323
-710.14473051,203.75622286
-710.14678336,203.50415990
-710.14891957,203.25231973
-710.15079092,203.00136505
-710.15404148,202.74920246
-710.15729205,202.49703987
-710.16113673,202.24532694
-710.16498246,201.99350301
-710.16908462,201.74168152
-710.17411858,201.49075688
-710.17855632,201.23960458
-710.18290542,200.98878444
-710.18672374,200.73984627
-710.19063175,200.49046495
-710.19470860,200.24130723
-710.19911787,199.99315168
-710.20370758,199.74399883
-710.20821076,199.49495617
-710.21235938,199.24724214
-710.21642991,198.99875037
-710.22058380,198.75048139
-710.22473137,198.50287835
-710.22897074,198.25461019
-710.23286399,198.00678273
-710.23657996,197.75961960
-710.24097868,197.51257396
-710.24546288,197.26552912
-710.25036180,197.01982024
-710.25509716,196.77333280
-710.25948745,196.52717508
-710.26369624,196.28212564
-710.26782588,196.03640944
-710.27178246,195.79091361
-710.27572849,195.54652768
-710.27985602,195.30103347
-710.28398144,195.05576123
-710.28853109,194.81082603
-710.29291821,194.56500129
-710.29746996,194.31984411
-710.30226865,194.07568828
-710.30638458,193.83141497
-710.31025252,193.58625129
-710.31420910,193.34075545
-710.31816041,193.09581457
-710.32194498,192.85042810
-710.32444952,192.60480747
-710.32720100,192.36018819
-710.32977941,192.11578927
-710.33158327,191.87193799
-710.33465872,191.62920880
-710.33790408,191.38659223
-710.34053106,191.14607879
-710.34359913,190.90412654
-710.34658068,190.66228446
-710.34971736,190.42210886
-710.35252267,190.18082012
-710.35524041,189.93975254
-710.35768906,189.70001441
-710.36006067,189.45938755
-710.36225921,189.21898104
-710.36427626,188.97968282
-710.36664260,188.73961090
-710.36909336,188.49965080
-710.37153568,188.26057861
-710.37407086,188.02073031
-710.37651951,187.78099218
-710.37801211,187.54290998
-710.37942450,187.30427202
-710.38074825,187.06596621
-710.38241812,186.82721969
-710.38417769,186.58803002
-710.38619368,186.34884279
-710.38733277,186.11197824
-710.38933822,185.87390091
-710.39142282,185.63649034
-710.39427143,185.39964203
-710.39687100,185.16201436
-710.39921308,184.92449523
-710.40155094,184.68742007
-710.40337279,184.45067301
-710.40510915,184.21392513
-710.40727501,183.97695933
-710.40927097,183.73988092
-710.41117723,183.50324566
-710.41332305,183.26838869
-710.41547520,183.03286577
-710.41779619,182.79756646
-710.42088647,182.56227446
-710.42381212,182.32631489
-710.42673777,182.09035532
-710.43051608,181.85462585
-710.43326867,181.61888664
-710.43567408,181.38369913
-710.43850371,181.14884865
-710.44039100,180.91421122
-710.44236164,180.67979659
-710.44518706,180.44539008
-710.44775499,180.21109212
-710.45049387,179.97679578
-710.45357255,179.74272468
-710.45682429,179.50843322
-710.45989980,179.27469508
-710.46503307,179.04031050
-710.46827954,178.80657399
-710.47135822,178.57250288
-710.47555758,178.33744342
-710.47795350,178.10325483
-710.48017636,177.86928659
-710.48359905,177.63499676
-710.48564252,177.40191482
-710.48759630,177.16927604
-710.49083749,176.93609449
-710.49296222,176.70345733
-710.49603141,176.47038514
-710.50090403,176.23644208
-710.50354057,176.00392078
-710.50549329,175.77139299
-710.50830815,175.53809639
-710.50991370,175.30612030
-710.51143482,175.07403241
-710.51407768,174.84084517
-710.51577291,174.60842593
-710.51746604,174.37622868
-710.51993690,174.14315081
-710.52111084,173.91161462
-710.52228162,173.68041141
-710.52414148,173.44865974
-710.52548005,173.21779112
-710.52681651,172.98714449
-710.52892542,172.75617219
-710.53034103,172.52619231
-710.53141262,172.29643117
-710.53334530,172.06601220
-710.53467016,171.83658646
-710.53599291,171.60738271
-710.53791716,171.37785166
-710.53932433,171.14875971
-710.54072939,170.91988974
-710.54265153,170.69058067
-710.54397112,170.46170989
-710.54528965,170.23295010
-710.54704189,170.00352842
-710.54810294,169.77487718
-710.54881997,169.54644467
-710.54968897,169.32001163
-710.55039230,169.09302200
-710.55118004,168.86614417
-710.55221895,168.63982374
-710.55300458,168.41316789
-710.55455107,168.18740728
-710.55670116,167.96109740
-710.55833840,167.73478265
-710.55980258,167.50868826
-710.56160549,167.28293009
-710.56264334,167.05672065
-710.56367802,166.83084417
-710.56480029,166.60474653
-710.56549307,166.37886681
-710.56609826,166.15320826
-710.56755821,165.92755783
-710.56833014,165.70234486
-710.56918649,165.47724370
-710.57082267,165.25103994
-710.57202514,165.02549807
-710.57322656,164.80006718
-710.57477726,164.57386261
-710.57624143,164.34776822
-710.57753254,164.12189419
-710.57917821,163.89469151
-710.58012109,163.66948017
-710.58080438,163.44459937
-710.58157524,163.21949739
-710.58199788,162.99505812
-710.58259358,162.77039848
-710.58294128,162.54484849
-710.58319719,162.31996362
-710.58362509,162.09496939
-710.58430099,161.87086552
-710.58514680,161.64687427
-710.58564647,161.42332373
-710.58563118,161.19999030
-710.58604327,160.97666093
-710.58645325,160.75355354
-710.58548822,160.53121009
-710.58469310,160.30897926
-710.58389586,160.08697041
-710.58284325,159.86484813
-710.58299469,159.64196028
-710.58332236,159.41851911
-710.58339992,159.19440956
-710.58363895,158.97130055
-710.58370386,158.74852288
-710.58341632,158.52685187
-710.58381364,158.30507637
-710.58387011,158.08318663
-710.58349709,157.86151481
-710.58380789,157.63984949
-710.58411973,157.41807318
-710.58365807,157.19673352
-710.58327873,156.97572765
-710.58272737,156.75483114
-710.58063955,156.53369803
-710.57931996,156.31268322
-710.57808584,156.09166923
-710.57531315,155.87064061
-710.57364849,155.64995553
-710.57240910,155.42949649
-710.56927130,155.21090642
-710.56802137,154.99155729
-710.56754600,154.77166050
-710.56595733,154.55197515
-710.56505879,154.33163035
-710.56407372,154.11139572
-710.56267076,153.89015812
-710.56417295,153.66905913
-710.56661643,153.44785807
-710.56674994,153.22685707
-710.56636216,153.00673912
-710.56434610,152.78704970
-710.55837280,152.56998671
-710.55299890,152.35281840
-710.54753741,152.13587127
-710.54199783,151.91814639
-710.53868485,151.69999866
-710.53589212,151.48107888
-710.53438469,151.26183829
-710.53714478,151.04330426
-710.54143922,150.82522881
-710.54488839,150.60614632
-710.54686864,150.38871489
-710.54576540,150.17192016
-710.54039465,149.95441889
-710.53494687,149.73602888
-710.52941888,149.51708310
-710.52346878,149.29757832
-710.51904566,149.07930904
-710.51530424,148.86126824
-710.51337786,148.64113568
-710.51356732,148.42324323
-710.51452817,148.20513611
-710.51601665,147.98547999
-710.51757795,147.76715657
-710.51871081,147.54894008
-710.51943315,147.32894368
-710.52004788,147.11127727
-710.52040407,146.89383041
-710.52111060,146.67549887
-710.52077875,146.45848947
-710.52053028,146.24170287
-710.52140354,146.02381692
-710.52218606,145.80648511
-710.52313847,145.58926591
-710.52476627,145.37294113
-710.52562055,145.15705301
-710.52552616,144.94204388
-710.52525448,144.72769907
-710.52541546,144.51280337
-710.52565981,144.29813046
-710.52589572,144.08434548
-710.52639017,143.87034095
-710.52722442,143.65656165
-710.52882268,143.44334462
-710.53034074,143.22957181
-710.53203398,143.01535667
-710.53570056,142.80038328
-710.53782433,142.58583922
-710.53986158,142.37140535
-710.54301003,142.15698204
-710.54495547,141.94321329
-710.54741378,141.72944942
-710.55158478,141.51536883
-710.55455489,141.30172082
-710.55786902,141.08785408
-710.56280404,140.87433574
-710.56645375,140.66113820
-710.57001903,140.44782885
-710.57487280,140.23386574
-710.57878210,140.02033766
-710.58260487,139.80691975
-710.58779316,139.59373683
-710.59135106,139.38120441
-710.59456600,139.16877974
-710.59897867,138.95625545
-710.60278879,138.74416943
-710.60659890,138.53208342
-710.61212277,138.31956968
-710.61670218,138.10749097
-710.62136707,137.89541308
-710.62646882,137.68234033
-710.63078864,137.47059216
-710.63502192,137.25895417
-710.64028936,137.04643800
-710.64486982,136.83424830
-710.64944817,136.62228058
-710.65489079,136.40932207
-710.65938366,136.19735355
-710.66387548,135.98549601
-710.66793676,135.77396738
-710.67199276,135.56299371
-710.67604876,135.35202004
-710.67968371,135.14037637
-710.68373866,134.92951368
-710.68762159,134.71876037
-710.69150981,134.50745210
-710.69539802,134.29614384
-710.69911528,134.08483394
-710.70396693,133.87109281
-710.70820022,133.65945482
-710.71251898,133.44781765
-710.71652641,133.23295849
-710.72041989,133.02109527
-710.72422685,132.80934223
-710.72709566,132.59735827
-710.73054700,132.38704486
-710.73451436,132.17640335
-710.73849333,131.96454094
-710.74219688,131.75467393
-710.74572526,131.54524926
-710.74926207,131.33493666
-710.75311760,131.12706910
-710.75705649,130.91942433
-710.76159477,130.71167427
-710.76560332,130.50569517
-710.76943565,130.30026941
