3.000000 -0.000100
3.000000 -0.000100
3.000000 -0.000100
3.000000 -0.000100
3.000000 -0.000100
3.000000 -0.000100
3.000000 -0.000100
3.000000 -0.000100
3.000000 -0.000100
3.000000 -0.000100
3.000000 -0.000100
3.000000 -0.000100
3.000000 -0.000100
3.000000 -0.000100
3.000000 -0.000100
3.000000 -0.000100
3.000000 -0.000100
3.000000 -0.000100
3.000000 -0.000100
3.000000 -0.000100
3.000000 -0.000100
3.000000 -0.000100
3.000000 -0.000100
3.000000 -0.000100
3.000000 -0.000100
3.000000 -0.000100
3.000000 -0.000100
3.000000 -0.000100
3.000000 -0.000100
3.000000 -0.000100
3.000000 -0.000100
3.000000 -0.000100
3.000000 -0.000100
3.000000 -0.000100
3.000000 -0.000100
3.000000 -0.000100
3.000000 -0.000100
3.000000 -0.000100
3.000000 -0.000100
3.000000 -0.000100
3.000000 -0.000100
3.000000 -0.000100
3.000000 -0.000100
3.000000 -0.000100
3.000000 -0.000100
3.000000 -0.000100
3.000000 -0.000100
3.000000 -0.000063
3.000000 -0.000066
3.000000 -0.000070
3.000000 -0.000074
3.000000 -0.000077
3.000000 -0.000081
3.000000 -0.000086
3.000000 -0.000090
3.000000 -0.000095
3.000000 -0.000100
3.000000 -0.000100
3.000000 -0.000100
3.000000 -0.000100
3.000000 -0.000100
3.000000 -0.000100
3.000000 -0.000100
3.000000 -0.000100
3.000000 -0.000100
3.000000 -0.000100
3.000000 -0.000100
3.000000 -0.000100
3.000000 -0.000100
3.000000 -0.000100
3.000000 -0.000100
3.000000 -0.000100
3.000000 -0.000100
3.000000 -0.000100
3.000000 -0.000100
3.000000 -0.000100
3.000000 -0.000100
3.000000 -0.000100
3.000000 -0.000100
3.000000 -0.000100
3.000000 -0.000100
3.000000 -0.000100
3.000000 -0.000100
3.000000 -0.000100
3.000000 -0.000100
3.000000 -0.000100
3.000000 -0.000100
3.000000 -0.000063
3.000000 -0.000066
3.000000 -0.000070
3.000000 -0.000074
3.000000 -0.000077
3.000000 -0.000081
3.000000 -0.000086
3.000000 -0.000090
3.000000 -0.000095
3.000000 -0.000100
3.000000 -0.000100
3.000000 -0.000100
3.000000 -0.000100
3.000000 -0.000100
3.000000 -0.000100
3.000000 -0.000100
3.000000 -0.000100
3.000000 -0.000100
3.000000 -0.000100
3.000000 -0.000100
3.000000 -0.000100
3.000000 -0.000100
3.000000 -0.000100
3.000000 -0.000100
3.000000 -0.000100
3.000000 -0.000100
3.000000 -0.000100
3.000000 -0.000100
3.000000 -0.000100
3.000000 -0.000100
3.000000 -0.000100
3.000000 -0.000100
3.000000 -0.000100
3.000000 -0.000100
3.000000 -0.000100
3.000000 -0.000100
3.000000 -0.000100
3.000000 -0.000100
3.000000 -0.000100
3.000000 -0.000100
3.000000 -0.000063
3.000000 -0.000066
3.000000 -0.000070
3.000000 -0.000074
3.000000 -0.000077
3.000000 -0.000081
3.000000 -0.000086
3.000000 -0.000090
3.000000 -0.000095
3.000000 -0.000100
3.000000 -0.000100
3.000000 -0.000100
3.000000 -0.000100
3.000000 -0.000100
3.000000 -0.000100
3.000000 -0.000100
3.000000 -0.000100
3.000000 -0.000100
3.000000 -0.000100
3.000000 -0.000100
3.000000 -0.000100
3.000000 -0.000100
3.000000 -0.000100
3.000000 -0.000100
3.000000 -0.000100
3.000000 -0.000100
3.000000 -0.000100
3.000000 -0.000100
3.000000 -0.000100
3.000000 -0.000100
3.000000 -0.000100
3.000000 -0.000100
3.000000 -0.000100
3.000000 -0.000100
3.000000 -0.000100
3.000000 -0.000100
3.000000 -0.000100
3.000000 -0.000100
3.000000 -0.000100
3.000000 -0.000100
3.000000 -0.000100
3.000000 -0.000100
3.000000 -0.000063
3.000000 -0.000066
3.000000 -0.000070
3.000000 -0.000074
3.000000 -0.000077
3.000000 -0.000081
3.000000 -0.000086
3.000000 -0.000090
3.000000 -0.000095
3.000000 -0.000100
3.000000 -0.000100
3.000000 -0.000100
3.000000 -0.000100
3.000000 -0.000100
3.000000 -0.000100
3.000000 -0.000100
3.000000 -0.000100
3.000000 -0.000100
3.000000 -0.000100
3.000000 -0.000100
3.000000 -0.000100
3.000000 -0.000100
3.000000 -0.000100
3.000000 -0.000100
3.000000 -0.000100
3.000000 -0.000100
3.000000 -0.000100
3.000000 -0.000100
3.000000 -0.000100
3.000000 -0.000100
3.000000 -0.000100
3.000000 -0.000100
3.000000 -0.000100
3.000000 -0.000100
3.000000 -0.000100
3.000000 -0.000100
3.000000 -0.000100
3.000000 -0.000100
3.000000 -0.000100
3.000000 -0.000100
3.000000 -0.000100
3.000000 -0.000100
3.000000 -0.000063
3.000000 -0.000066
3.000000 -0.000070
3.000000 -0.000074
3.000000 -0.000077
3.000000 -0.000081
3.000000 -0.000086
3.000000 -0.000090
3.000000 -0.000095
3.000000 -0.000100
3.000000 -0.000100
3.000000 -0.000100
3.000000 -0.000100
3.000000 -0.000100
3.000000 -0.000100
3.000000 -0.000100
3.000000 -0.000100
3.000000 -0.000100
3.000000 -0.000100
3.000000 -0.000100
3.000000 -0.000100
3.000000 -0.000100
3.000000 -0.000100
3.000000 -0.000100
3.000000 -0.000100
3.000000 -0.000100
3.000000 -0.000100
3.000000 -0.000100
3.000000 -0.000100
3.000000 -0.000100
3.000000 -0.000100
3.000000 -0.000100
3.000000 -0.000100
3.000000 -0.000100
3.000000 -0.000100
3.000000 -0.000100
3.000000 -0.000100
3.000000 -0.000100
3.000000 -0.000100
3.000000 -0.000100
3.000000 -0.000100
3.000000 -0.000063
3.000000 -0.000066
3.000000 -0.000070
3.000000 -0.000074
3.000000 -0.000077
3.000000 -0.000081
3.000000 -0.000086
3.000000 -0.000090
3.000000 -0.000095
3.000000 -0.000100
